194.864
232.115
80.7875
124.5
48.9634
176.195
0.26458
1.9289
61.9586
23.8208
80.6109
204.817
21.0145
244.245
128.595
21.6619
21.0373
59.7884
128.141
117.52
15.3217
85.0268
11.9827
187.699
257.983
70.0518
327.86
15.6993
125.511
9.25437
56.0018
2.84662
36.3257
210.847
60.9038
128.082
151.389
6.75308
67.0509
24.1429
60.6521
217.094
42.503
12.5882
240.187
38.0704
10.424
56.6573
2.28646
5.75687
38.8739
145.727
120.413
217.445
28.1197
6.64222
4.03355
107.389
81.0441
37.2208
65.2488
85.9576
137.969
20.7637
15.6619
54.6742
99.7291
16.7553
9.65197
66.012
130.12
152.142
118.893
150.096
28.21
145.208
58.2107
74.3667
128.373
29.4877
104.813
32.8889
89.9135
74.8598
32.6018
86.2874
51.9007
53.9949
62.7533
31.3514
36.5765
30.4996
5.46769
18.6484
34.9742
57.7312
170.591
245.625
40.6036
29.6279
53.9728
41.4067
10.4936
4.81535
72.7998
79.4396
210.809
47.46
61.1362
0.915606
60.0483
252.592
7.50847
7.89019
22.9645
101.877
97.1281
82.5351
120.867
15.6964
53.0565
73.6
72.2416
77.3124
51.1529
8.73187
72.2303
28.2659
16.0448
147.845
17.466
6.57577
75.2432
188.2
169.385
50.359
79.9131
126.043
21.7695
1.53648
194.709
48.7339
217.827
318.789
4.05118
297.368
51.4257
28.4359
4.03328
47.9585
109.722
151.4
70.5283
86.0459
17.1632
31.6321
125.95
213.858
53.9077
216.148
75.6763
119.215
20.5882
129.57
62.2156
70.8753
238.193
33.4179
16.2353
203.45
48.6597
64.0855
177.398
174.417
28.8161
23.8667
75.0404
325.655
324.263
151.464
24.3851
45.3504
27.9938
257.786
11.5305
69.8255
57.9053
248.424
68.4411
155.774
10.3382
113.559
278.145
174.994
176.7
184.328
12.083
2.1722
55.7108
184.703
0.550325
63.6293
48.7478
96.7087
112.727
198.665
48.491
293.522
35.0708
181.448
119.433
52.1029
458.316
164.182
24.5697
182.151
92.3613
36.509
134.209
0.726258
52.8328
76.4825
12.5967
75.0495
1.14062
36.7262
148.298
109.443
19.6185
1.56959
21.7981
104.947
43.986
161.1
106.219
137.061
1.20701
215.504
208.413
142.929
87.6639
47.1369
55.498
33.0496
3.72788
89.7533
118.764
171.424
62.6235
49.2261
344.001
32.4686
14.9427
10.0085
1.59796
382.858
21.8234
112.5
28.5216
8.13512
132.373
67.7626
12.7914
30.9169
59.2742
196.103
3.27541
360.091
102.434
18.703
171.444
68.8826
103.055
83.8086
12.01
135.685
54.3773
38.4614
35.6732
33.3286
206.367
75.6464
20.5566
63.991
36.6742
46.3197
97.4417
14.46
84.8999
319.596
108.233
32.4735
39.1074
77.9728
74.0649
149.57
11.0648
103.008
0.187691
147.712
107.008
5.70681
195.677
46.1892
179.071
430.86
42.1429
4.51346
10.7604
102.464
122.664
6.98471
15.7692
22.4957
166.538
184.929
166.189
221.271
70.7487
151.175
278.711
215.059
208.732
13.844
72.3363
263.792
47.5608
30.5689
72.8391
210.683
121.948
8.83167
14.9581
91.0133
246.219
4.45765
131.848
39.2041
97.8536
166.231
47.4271
18.3625
62.7078
183.105
15.5217
193.424
325.715
196.268
225.268
80.4971
127.22
34.0079
255.936
74.2106
22.5187
153.181
22.5825
2.70338
86.364
17.2206
340.103
9.41398
27.6874
80.9531
109.136
106.603
50.3037
39.8011
3.94274
39.9018
405.263
39.1653
64.6979
52.1479
234.49
72.4292
5.21591
270.882
64.5958
19.9656
296.374
26.543
84.7847
207.953
167.698
147.968
31.7536
129.836
7.4507
65.208
4.17416
234.02
201.638
375.256
238.313
38.2969
105.769
11.725
60.1008
69.6533
157.489
18.1134
25.5023
70.6292
54.0201
21.2075
242.034
270.256
61.6163
108.085
35.9127
47.7766
21.3895
139.041
20.1069
1.42798
17.7634
40.0284
93.4849
6.19962
78.6444
121.087
30.7278
70.388
1.16715
13.5115
0.672287
56.1018
53.4448
78.4309
59.6311
109.626
61.899
105.441
11.3759
45.6057
53.4567
21.5379
162.39
54.9145
114.2
117.711
12.3809
6.43266
178.57
91.4566
317.693
40.7208
155.778
197.754
179.857
70.2049
216.449
70.1333
186.697
68.1268
25.0318
68.7042
119.691
124.209
19.2767
229.412
65.098
175.298
99.0808
144.144
94.7106
81.3397
0.739815
101.433
1.53965
268.529
110.945
144.909
44.7072
77.7283
19.0702
51.6662
232.991
19.6096
142.33
49.289
257.636
86.7382
141.891
27.5757
32.7795
90.2122
82.6812
80.7347
184.309
182.713
33.4396
218.033
95.6915
54.061
140.924
6.72098
12.6822
60.1179
134.027
99.4091
6.26876
408.544
255.657
1.43734
67.9132
2.67652
198.509
23.6368
58.0237
9.03999
363.647
284.507
135.344
10.1524
110.615
138.108
88.4588
101.944
300.437
3.02839
107.672
15.4561
16.8613
145.127
103.52
86.6844
2.6366
87.4073
105.791
111.425
223.852
104.406
63.6172
38.1393
92.5436
0.024827
146.629
61.7792
16.2701
64.0053
194.208
36.8953
62.0195
108.453
131.497
372.985
44.7714
15.8663
34.5123
166.648
41.6412
13.4911
56.0118
27.7393
16.0701
15.0108
101.758
105.647
78.4901
57.2479
177.405
114.279
33.8424
22.0237
153.139
66.5797
80.266
109.457
99.0244
17.6006
121.231
115.955
23.6459
206.693
207.165
179.027
145.941
47.0396
54.0995
295.682
4.76566
33.8247
51.5889
270.183
45.212
148.098
238.917
69.6624
128.683
48.2557
23.5333
188.062
120.421
34.2008
87.3437
19.3759
72.4207
133.847
121.462
77.822
99.4112
84.2839
185.006
30.442
331.995
16.4254
66.0167
4.09439
1.25393
234.919
259.191
121.794
12.9594
162.566
26.9721
69.7692
85.5737
312.41
1.41619
18.086
139.219
84.0934
53.7433
164.205
5.01314
7.0536
474.877
192.219
21.8162
95.4199
149.452
1.43326
186.235
178.926
109.79
188.82
467.999
13.0333
183.941
29.9538
40.8552
109.8
35.8542
110.07
14.9044
24.0166
25.0115
43.081
477.855
51.1062
242.85
56.8948
103.788
9.69423
92.7392
37.2955
26.5354
21.214
128.696
19.6006
200.002
238.166
160.096
3.70254
2.10409
27.3381
60.511
27.5566
71.8411
568.183
33.8764
25.0906
53.0999
348.169
63.4524
183.27
97.8941
45.4083
78.3273
352.06
381.602
15.2997
453.006
47.9138
98.0666
65.814
234.988
5.13192
72.9914
12.9799
184.313
39.4765
132.02
240.637
47.3144
9.91263
29.916
70.5708
44.0604
87.3651
172.81
238.484
27.3374
66.373
65.4505
110.917
100.051
182.859
1.88564
44.0192
490.958
27.837
16.7556
30.3672
64.4594
15.2098
41.4583
41.6593
125.513
198.42
80.7209
45.1404
12.7955
155.606
45.1179
99.9529
465.588
159.555
113.412
26.1858
65.0966
81.8091
105.596
189.303
14.205
197.146
79.7467
23.1174
59.5255
164.865
80.4937
276.327
172.091
132.501
108.15
3.15165
99.9243
54.2352
7.31946
8.63802
45.4884
57.5327
41.7763
12.2382
265.455
168.318
31.2631
61.132
125.299
137.362
112.463
22.7982
229.896
24.8293
20.2629
0.576852
117.101
223.153
74.086
55.1482
25.197
46.4492
211.136
145.698
101.14
219.463
25.9741
35.2853
31.4603
27.7063
66.2005
110.339
104.509
238.192
2.14007
9.40844
318.494
32.9675
46.1212
94.5332
23.3105
68.9118
401.705
226.179
1.59469
18.1327
8.33881
6.14948
33.1603
258.408
213.311
196.965
178.206
63.3785
294.458
252.411
89.1929
242.482
36.2765
3.84708
82.9139
16.0241
5.07499
46.7305
75.6151
4.46156
2.81615
161.799
292.585
10.2683
159.49
80.9243
419.19
33.6489
18.8895
135.99
113.215
50.1493
2.06474
130.104
351.161
138.427
71.974
87.646
125.789
61.7137
45.6406
147.446
112.896
154.723
84.9696
127.489
80.9395
6.65904
4.41721
292.94
31.1492
40.6748
39.1172
294.699
76.2619
0.649487
105.727
299.712
65.904
26.1583
43.1435
192.434
49.9231
41.667
188.631
20.6257
239.822
59.3525
86.2716
17.3663
52.4573
136.452
30.8389
30.1057
17.5224
22.2272
93.3401
248.835
184.397
128.565
216.07
34.6356
287.96
54.2011
61.9282
407.786
66.9216
374.011
34.7214
14.1241
12.5709
52.8571
36.3739
64.7507
101.038
35.091
7.86473
220.465
0.187271
5.84734
113.683
451.484
205.701
18.9138
86.7412
501.461
31.6312
231.103
79.1522
304.922
253.741
114.891
34.4517
30.3524
20.385
82.9486
35.417
281.709
50.333
73.6857
67.0141
16.8643
1.23824
42.2139
137.33
138.807
2.15964
59.8799
96.2977
638.501
38.8032
114.453
116.609
89.4011
2.1325
30.336
34.542
98.6134
59.604
11.0829
11.9927
242.419
172.099
47.2959
227.858
370.582
67.8416
4.65919
18.8544
118.762
49.252
93.4981
110.669
34.6437
2.20359
1.90644
94.966
13.9081
19.9149
43.0872
36.0348
172.094
8.2778
11.8592
74.3581
69.7608
122.208
89.846
111.184
99.4073
10.2355
83.2405
130.882
64.4538
9.65214
413.384
78.5317
119.287
7.27979
8.99153
26.6939
629.09
4.67926
77.2365
143.632
30.2737
325.212
168.76
313.471
84.6175
142.621
147.985
15.0699
222.324
60.5308
358.55
104.065
102.143
91.6726
61.2529
21.0534
16.2258
49.3366
109.267
125.379
3.16118
173.343
330.61
33.1634
63.0663
5.41297
23.3301
10.1399
200.869
93.9243
153.508
25.0533
89.156
49.0354
69.2514
33.0258
57.5008
63.0933
84.472
5.49228
57.5515
33.5898
304.028
264.873
176.967
403.113
66.0917
25.1579
91.0585
734.684
97.6877
27.4186
26.4325
20.4593
21.6993
160.412
4.05461
41.4639
64.2971
104.041
0.133004
60.0328
341.974
219.3
211.572
81.7987
33.3677
274.673
53.168
46.2517
243.872
64.1745
85.0013
188.787
265.001
136.968
114.526
3.80164
39.6074
99.401
144.087
45.1633
1.12131
77.8238
111.369
118.485
62.1511
78.0533
44.3205
75.7884
13.4493
101.648
37.7256
6.33526
39.9436
160.159
126.117
44.5424
197.41
264.774
58.4433
145.727
99.0999
72.6583
202.949
23.7911
34.1407
138.913
8.73619
56.0337
187.531
44.9582
56.0043
33.4143
8.98798
201.817
17.4348
52.3098
97.7358
93.6609
1.34081
121.42
145.297
171.204
195.923
81.3593
5.7246
3.94348
3.34733
6.74611
91.7189
122.357
25.1685
31.001
40.421
31.8152
27.8558
121.081
19.1618
41.1349
303.263
71.6285
37.2266
21.1161
0.789425
56.4739
13.9728
126.475
47.2696
40.5986
75.01
308.939
54.9237
104.497
222.194
26.7604
114.031
390.868
109.309
440.259
3.22112
140.122
43.845
10.8713
41.8214
241.066
21.6291
18.885
290.556
1.45338
24.5234
223.917
503.791
97.0508
27.7861
390.276
201.135
3.44033
20.1209
227.604
65.8229
101.463
66.9114
34.3643
164.197
37.4461
196.877
41.948
1.34393
13.81
246.34
4.54119
16.4723
324.16
26.9881
25.7197
45.4249
46.6686
226.682
43.0137
78.2612
38.3745
3.8798
58.3628
34.4219
42.9288
91.3744
35.8293
81.3772
22.7509
64.3149
11.8578
3.46461
29.0785
17.2393
13.1183
4.88867
81.8138
13.5675
6.77956
147.006
14.5677
2.44067
110.707
50.0908
136.026
74.3789
15.4925
89.9628
47.4011
80.2971
290.5
208.957
126.625
81.405
49.9417
111.609
254.639
18.7004
141.436
34.5952
79.7804
210.374
69.2267
348.46
15.4812
148.897
44.2813
7.18527
47.1987
13.4026
101.422
76.73
56.1121
96.0734
101.75
345.441
31.3453
6.71613
16.9614
8.69577
192.26
14.9764
3.67185
98.9843
11.2862
144.213
150.494
137.582
161.018
28.4272
36.5207
121.634
54.967
12.0572
27.4999
89.3017
16.7867
82.5043
52.2897
1.1
369.233
28.0652
86.213
84.5079
74.4507
4.34542
14.5536
205.01
104.193
5.79618
133.952
32.4452
261.849
202.797
471.095
112.682
48.8037
46.174
22.7702
22.3224
16.8314
26.7846
363.195
84.2163
10.9939
290.136
126.656
45.8921
55.0937
178.443
20.9746
45.4728
16.3638
81.5978
109.351
216.214
108.111
223.46
123.567
38.927
14.9158
47.8657
183.874
92.8706
247.967
74.2397
65.3126
75.5462
118.521
120.587
222.343
19.2947
11.2609
8.27513
219.463
15.6032
1.46537
184.11
43.0473
125.368
125.482
45.5668
59.3693
259.143
29.4896
67.0668
410.182
60.7236
92.1283
26.3825
4.9565
74.873
41.789
31.2307
57.5881
65.728
52.9904
63.9928
153.061
157.949
234.52
14.6583
31.413
129.351
63.5397
54.4672
16.8027
14.5307
52.5326
57.8102
154.255
21.2457
184.506
37.3833
21.6156
46.8494
31.7786
54.2992
28.3305
34.0957
23.2534
136.647
42.6233
13.93
194.518
116.062
295.287
3.5113
34.8209
75.2614
173.56
76.0147
9.39181
68.0615
14.9645
36.0981
58.2731
29.1932
64.6733
209.159
227.059
37.68
64.107
29.6308
7.50583
106.866
39.8637
21.756
11.967
57.923
63.7475
1.01706
151.698
8.25175
73.3104
9.01352
20.2966
64.5663
24.9355
24.1814
31.3576
148.985
43.6499
7.16695
21.8538
32.9019
21.3938
186.528
107.714
158.401
174.65
138.266
46.4849
285.929
127.541
241.749
159.211
119.622
50.2882
60.0832
72.939
5.11757
22.4175
3.40004
144.288
11.2016
7.1747
101.101
9.92224
143.949
300.72
124.217
250.425
75.7464
40.7326
23.4687
49.8833
15.4314
10.4049
324.371
51.426
39.7996
30.1291
93.1296
82.8822
103.534
198.442
249.519
11.0442
206.488
205.061
30.6217
46.1212
73.2254
51.8511
98.0688
291.799
18.3822
71.3675
7.77235
226.616
168.062
12.8224
11.6847
20.2009
14.9068
188.777
55.5439
183.443
43.2871
33.6338
1.27821
0.380435
31.7217
105.641
14.4604
22.3975
69.0116
10.2707
21.8703
42.637
105.914
29.1861
49.8935
129.183
324.639
47.2763
18.2974
299.325
84.1301
19.5573
75.2168
154.82
6.0734
102.782
108.805
151.77
94.0716
197.787
109.376
11.6852
280.196
28.9119
44.2822
162.791
83.4651
34.8622
388.472
39.7856
315.992
327.328
40.7307
117.266
51.2932
38.5944
91.5152
39.1899
17.5493
111.109
41.1706
85.1994
228.279
39.2405
97.5866
128.904
37.0578
141.781
198.946
14.6192
131.273
13.3577
124.681
108.755
16.1603
15.0536
30.4178
114.953
37.6759
42.5482
407.615
3.32654
18.665
175.499
120.236
115.706
166.9
122.731
53.3293
54.8296
212.494
239.162
43.9627
3.2694
9.34029
53.2101
199.075
254.753
35.9428
102.049
376.105
108.831
65.0918
357.069
87.4695
127.966
52.2358
35.2356
198.857
11.5561
55.6499
5.38384
162.133
51.3525
159.451
256.688
47.1303
79.033
470.529
37.4218
247.087
86.3144
15.6305
22.3281
5.35893
134.663
266.618
9.86773
81.7222
74.324
57.3976
59.0209
131.489
83.034
0.846786
50.0023
55.8494
11.5092
95.8827
178.499
127.555
410.019
9.01889
69.1941
55.6727
150.613
316.274
95.8518
2.01943
44.0992
31.4928
32.1207
8.53458
27.2975
55.6583
24.0623
74.5351
212.291
11.3064
96.9951
85.4288
171.36
258.18
67.0439
62.1138
68.7075
1.64576
69.2101
24.5142
50.7255
94.169
22.0645
318.513
72.5224
44.7916
10.1442
20.1291
63.3444
203.465
15.4494
50.279
86.4842
124.514
319.863
62.6834
29.2509
22.7051
54.5517
143.817
68.7808
45.2465
21.4601
28.2084
84.574
249.37
41.8493
111.687
44.4244
60.4068
8.8178
104.874
36.7438
98.8018
75.08
24.2915
175.879
183.888
36.9073
190.318
255.415
364.77
34.3836
78.3378
77.4074
323.58
26.2271
71.4645
54.4286
114.311
104.617
47.5498
39.8441
66.3797
6.0737
308.614
71.0893
62.5903
235.597
3.14001
132.856
46.3857
49.9717
57.4186
37.4905
187.877
46.9067
178.381
70.4352
16.6535
1.0627
190.526
144.4
133.112
28.7836
198.091
36.0691
24.0783
55.2673
16.7903
51.0409
70.3223
38.3667
39.9953
49.956
29.016
98.1362
116.5
30.8306
74.7344
0.541199
95.5301
5.35919
122.187
113.695
327.804
82.405
106.11
65.0241
14.7188
39.4423
102.933
11.0243
37.1771
425.352
134.8
88.8802
431.775
18.1395
144.096
39.3986
135.267
102.95
35.255
30.6565
160.327
3.71027
15.3247
137.982
13.2983
2.05681
92.3662
147.239
96.0917
18.0634
4.88005
98.8036
66.8903
109.711
60.2469
171.03
241.131
23.6585
47.2116
83.0314
29.9231
78.3092
82.8154
66.5487
0.347072
0.968538
370.975
62.0186
82.0045
46.5296
85.6303
326.365
105.212
14.7335
14.1745
169.593
31.2195
96.2464
124.841
7.73555
91.9319
54.1941
117.713
35.8033
186.576
55.9596
262.947
118.062
105.82
107.143
58.6563
48.0764
31.1391
34.7959
97.1295
93.8835
161.38
20.4429
44.3018
268.376
54.8592
39.4657
37.8458
373.043
24.2609
106.097
42.5942
102.525
3.55765
16.965
90.9241
535.266
159.3
269.71
49.9774
277.683
100.989
117.676
57.7054
90.7045
141.392
68.8033
46.9233
44.365
122.48
335.812
1.02926
149.039
17.3228
32.1488
125.255
14.9498
45.6462
120.663
212.372
95.4755
7.45661
293.521
114.816
67.0644
136.59
43.4773
236.541
61.6105
21.3678
9.72133
200.198
62.6794
166.209
66.7551
156.418
0.0570072
81.0957
285.907
67.0745
83.5169
289.032
174.044
150.384
47.3756
49.9851
7.41118
276.342
12.9687
70.7495
22.7771
10.0002
200.316
39.2079
46.0604
8.11097
166.361
9.46736
73.7944
152.634
126.486
39.9331
118.276
294.856
37.0159
40.7787
92.582
42.1302
168.469
159.304
35.3102
155.712
16.9253
11.8086
327.42
15.1587
47.3257
97.3651
324.666
1.91217
48.7703
91.8273
2.69705
411.998
149.792
85.2459
68.8084
131.224
75.3694
187.432
3.6512
276.515
54.4426
90.0678
51.6048
67.7461
1.43145
75.9089
303.93
135.576
48.4043
300.634
62.0757
103.815
51.2249
23.6706
61.8485
236.64
235.136
64.0471
19.4851
167.203
57.8789
24.3854
92.0753
108.944
169.541
12.32
51.8399
22.9618
29.4187
214.582
32.3369
29.251
205.687
516.155
141.632
24.687
43.2885
51.4169
141.365
67.3698
95.5804
36.7544
19.2781
52.7412
5.39492
106.59
177.852
3.94375
229.167
154.733
29.7613
23.0502
51.51
14.1826
42.2828
168.444
10.0024
71.264
195.031
300.326
1.55898
27.3563
50.7642
45.1821
213.643
1.86506
104.137
210.161
91.4771
148.018
85.1533
23.3329
4.21677
208.057
42.2398
6.49633
219.191
72.5271
29.4263
102.001
144.013
115.725
4.62352
48.5695
123.346
524.945
78.0311
281.954
53.0725
97.4457
4.42664
165.527
18.5532
34.5767
90.0903
224.897
21.5156
345.541
53.1505
56.6568
115.017
141.497
166.867
72.1319
29.1392
222.868
1.16152
75.254
185.123
174.891
298.062
134.566
60.5694
89.3816
13.2204
73.9018
35.8722
17.0041
195.017
88.4638
51.8244
112.143
13.8126
195.124
382.023
30.2889
131.954
244.925
12.4896
21.9658
158.432
15.2931
42.5931
55.3808
52.2497
29.0998
197.534
331.824
4.51644
83.3164
0.899336
102.115
39.4582
65.3002
70.1826
119.52
23.5028
77.7047
128.64
251.296
143.515
72.9029
821.835
330.664
20.0934
82.4383
136.111
11.3633
33.0706
148.275
37.624
152.071
53.6214
92.0264
116.498
6.37384
26.9671
29.4248
44.6356
52.701
223.662
81.5106
175.253
158.108
55.1864
69.7553
168.302
90.9178
108.485
369.925
15.6778
122.334
59.1388
9.12477
6.9072
8.77809
40.2869
62.5137
29.5383
4.75506
347.43
8.66751
2.22812
318.015
15.4195
6.35169
19.1646
14.6743
182.276
9.85255
41.8489
74.5968
116.893
31.4518
1.03668
196.584
81.5812
30.095
55.1021
172.542
14.094
49.4603
165.751
50.0177
6.71525
111.121
31.3994
280.544
21.6896
45.6604
18.5423
334.848
9.18942
98.213
203.72
24.9868
134.547
25.0479
134.452
133.868
88.7245
11.3736
330.319
6.75569
20.32
36.6431
254.354
96.5556
131.16
53.6539
12.485
0.296599
29.2913
87.9425
51.7975
36.8465
14.5985
209.192
157.475
34.0849
25.3306
230.384
60.6429
10.9224
25.5243
88.8404
32.191
116.538
20.5573
46.1294
53.1926
174.843
6.62793
106.715
44.6606
143.373
62.1721
122.9
2.33252
54.281
25.2085
11.1639
10.9251
256.911
189.331
54.8784
236.18
5.11226
18.363
229.828
153.635
8.43524
42.9355
99.188
76.8592
5.79305
112.771
29.5849
56.7234
144.941
26.3922
65.9356
87.2842
27.9634
54.5065
60.4206
50.4819
224.624
30.6569
135.088
181.097
292.457
17.8945
199.46
75.0013
125.192
251.444
101.315
113.778
122.659
102.31
491.451
210.845
9.05766
106.322
92.9518
18.1353
62.9048
40.6888
92.1226
11.3969
128.257
217.615
79.0015
121.645
107.143
90.9479
11.9853
96.5283
51.3595
171.218
55.9301
46.7351
3.28993
21.6574
69.877
104.555
41.6504
119.4
141.753
18.5709
93.6374
72.087
33.3606
14.658
197.424
447.029
1.8856
373.533
160.162
214.055
381.62
43.85
581.388
281.618
94.7375
21.0142
58.2474
19.3492
112.135
51.4137
24.0038
92.4764
37.7274
108.296
109.529
159.328
185.146
20.613
11.1005
76.9034
165.875
34.4843
67.877
43.3083
20.2937
85.4382
43.1385
0.258612
231.398
3.84428
1.97212
96.5635
77.661
167.99
26.4376
107.387
5.42767
79.2803
64.8079
246.415
153.668
107.896
120.877
44.2502
305.613
15.4883
29.5634
16.5659
172.133
236.991
43.3371
1.10697
108.85
193.134
55.9801
105.201
148.915
152.622
115.495
3.82228
1.07507
240.907
225.155
61.7953
222.08
2.4145
108.868
103.942
99.2463
192
227.929
107.994
59.7759
205.05
15.9399
17.4201
37.8728
245.73
0.286562
1.70139
7.98254
65.2421
27.4242
140.736
10.508
111.18
90.1608
49.5746
229.449
635.384
439.932
44.1072
25.2654
75.2966
31.7928
76.8554
49.7775
194.8
218.855
157.802
232.213
71.2742
61.1174
156.907
21.5399
79.5327
238.296
461.512
57.5406
234.948
22.5925
413.242
46.3243
126.836
74.1213
106.303
160.981
88.1374
61.2406
164.679
124.898
15.6368
8.50224
22.6323
34.0438
2.02365
8.71517
124.312
86.3752
198.523
387.105
61.3761
71.008
27.8308
131.199
12.6075
15.4728
37.6994
14.686
132.704
14.2719
7.0251
84.3759
88.783
0.306344
240.738
41.1774
39.2758
34.1067
20.8081
37.3462
66.3713
23.338
40.6565
183.321
164.948
96.765
4.46576
168.275
328.69
1.8215
27.5062
33.5162
5.70464
82.0164
12.0882
14.6999
12.6044
75.1984
10.2466
88.6122
39.2596
5.40528
6.99699
18.1438
172.309
56.1053
20.7569
255.796
112.88
166.333
192.513
128.245
252.035
417.555
26.7684
51.8098
37.854
115.935
279.29
120.319
309.506
50.1269
63.5735
31.7254
57.5842
190.765
0.869372
128.185
112.808
48.8422
99.2709
26.4256
267.236
157.335
10.543
75.8389
84.7453
103.56
55.8152
17.816
9.77963
152.683
205.027
239.401
24.8394
46.8498
2.17147
177.302
63.9297
53.3299
61.4219
6.4757
97.3728
36.0525
33.8091
270.35
191.833
34.0604
48.436
3.89114
120.034
6.22097
15.624
346.289
129.287
2.13929
119.518
208.127
82.8552
7.43496
23.4344
116.426
5.95496
97.2137
15.3011
100.784
17.9936
189.285
184.876
52.4431
40.489
261.45
118.598
12.0936
35.2143
11.4723
109.278
31.9695
189.385
61.9534
36.9579
18.3337
130.199
87.9062
390.837
134.516
8.78364
62.9191
86.9574
167.222
345.764
24.9168
87.9857
46.6727
64.6196
129.614
7.38492
118.69
29.5144
74.7638
44.7683
64.1386
88.8428
149.704
15.0967
132.39
28.4381
25.4676
59.1013
13.6748
54.3146
0.589517
135.573
265.494
7.25772
37.3971
24.7804
38.6966
242.46
82.4513
38.2794
118.986
86.7503
8.56636
86.696
27.945
80.0391
175.217
267.552
76.946
52.178
34.9616
34.2375
31.0286
281.458
307.721
80.3709
237.817
132.651
283.372
2.41318
211.512
71.3755
199.567
32.8637
458.165
143.23
45.3996
8.231
116.995
149.177
236.719
55.5499
78.3303
244.701
190.739
319.757
223.176
124.644
132.04
37.6936
45.9306
137.081
126.125
41.1813
53.0411
34.5583
79.4946
178.682
46.9543
3.74918
273.286
117.752
31.439
164.739
158.079
49.0605
5.77095
95.7964
68.8756
31.5022
80.6627
87.9129
12.4097
14.7575
50.4401
66.3781
223.579
215.932
38.3643
115.854
96.4643
62.4302
71.1084
202.51
119.141
173.988
78.7797
26.3176
125.327
67.3838
39.1321
305.763
8.19674
103.992
153.303
275.07
44.77
498.102
2.58944
4.61739
4.42106
2.54557
47.9833
110.875
76.4884
92.5312
126.218
31.5931
11.6345
330.604
211.235
20.2138
15.3398
395.21
96.933
6.03666
59.5437
50.4696
340.501
17.7378
106.003
181.336
82.9167
104.905
17.1245
11.7576
8.07142
57.8082
14.8908
81.3006
557.166
43.632
1.58541
259.579
147.415
217.525
31.0479
68.219
79.2575
114.532
125.889
73.5146
0.476909
133.33
132.781
92.1658
112.449
197.988
6.79806
57.744
117.896
1.02423
83.901
563.762
158.893
93.8732
106.033
8.63468
199.434
50.2424
49.1926
19.5977
114.897
328.77
124.999
56.3584
145.759
113.587
95.3474
118.329
60.9759
32.0924
16.5378
78.4355
64.2479
130.03
190.674
78.2573
110.439
175.739
77.7822
122.613
57.4287
52.6571
131.734
25.8798
5.37743
298.626
36.2176
11.7628
74.2993
173.165
284.366
2.99992
473.2
144.919
98.357
37.695
159.644
116.612
394.46
28.9903
67.3473
82.4512
9.08775
54.7793
61.4291
28.5902
2.90943
122.088
212.377
5.09702
30.2198
110.106
78.5247
58.615
12.3935
64.1685
390.223
13.2966
119.618
126.297
149.572
99.7456
20.7744
218.98
63.8018
29.3893
15.2452
219.521
80.3818
86.721
120.122
240.896
52.4766
26.5343
244.106
2.5732
164.255
32.3669
16.9312
0.876787
112.963
45.3516
49.3872
41.5866
111.477
27.5208
16.1394
1.51535
14.904
46.177
135.941
5.20183
268.521
23.8207
92.7304
26.842
280.007
20.7213
84.5606
5.26688
245.785
154.199
53.0635
35.5001
51.8632
1.46854
107.52
85.5915
122.256
76.1965
23.2753
30.184
56.181
118.591
205.396
191.68
6.50207
2.93908
31.2076
4.43848
225.582
61.9299
375.536
34.3218
3.04206
266.93
3.74715
75.6523
48.2474
14.5557
32.0454
105.96
191.046
49.8358
13.5616
37.8241
83.2172
89.6673
130.81
266.48
14.7216
206.631
21.4949
34.4557
635.024
56.1886
58.4285
59.2553
24.0093
49.2386
172.324
31.188
136.389
104.846
22.289
55.4401
28.0429
278.206
221.08
27.4481
292.256
162.634
2.24847
329.722
61.3674
308.57
15.5991
77.25
64.3607
128.435
90.4611
9.55911
95.3738
23.1569
45.0621
34.544
8.13301
12.7125
45.2254
192.346
96.8541
6.06038
57.4954
11.5665
25.9756
61.1929
20.3983
6.47715
75.0128
26.2275
307.866
136.43
287.412
159.185
197.759
24.6695
56.1057
181.269
7.59086
20.6322
262.578
20.0509
30.9032
70.4605
147.872
23.0386
137.176
279.767
194.275
25.507
150.239
36.8617
81.4538
203.59
135.591
6.02421
214.408
5.42738
27.3779
39.9291
100.251
204.422
16.0726
278.387
151.384
6.20582
45.5423
45.8538
11.5344
128.2
38.3392
1.41031
188.776
86.5265
14.1908
104.009
341.465
59.0208
41.4324
17.5854
39.4343
302.875
26.6848
49.2478
29.6342
4.54645
397.005
59.3904
18.2275
96.5614
49.3562
122.799
167.86
12.9746
110.65
12.7101
49.392
54.1671
33.6854
110.452
90.8783
125.106
274.059
144.011
136.776
68.1372
67.8553
37.1205
118.954
232.155
111.538
66.9773
526.775
278.896
370.125
60.6712
302.843
42.4246
28.2097
209.58
1.06388
17.7926
27.9922
1.54871
105.739
6.95291
106.07
14.9622
201.551
454.883
15.7492
72.5244
28.7624
15.537
199.489
20.4143
23.8813
4.14794
53.5373
105.559
112.285
15.9106
3.58569
97.4435
249.405
39.9381
52.2247
9.11394
24.0535
47.3599
20.9238
47.6239
16.76
18.2505
69.3073
108.573
56.2854
34.8254
114.636
40.3886
47.2843
11.6565
271.306
44.3749
346.473
405.156
144.812
67.2803
58.1368
114.498
601.803
22.7564
189.784
486.563
201.975
147.503
123.535
308.436
27.7483
62.3875
21.813
34.1458
48.8203
50.2883
138.826
17.9935
39.3082
114.319
63.1103
197.729
73.3023
173.713
47.1031
190.298
57.3536
2.83542
16.6719
101.018
57.3159
71.5829
10.4848
24.8602
4.17438
91.4355
196.809
340.473
69.8038
70.4599
18.8872
93.0302
30.5761
93.49
51.9155
60.2068
13.2108
12.4478
114.439
24.9014
163.529
188.789
95.3806
12.9358
27.6579
109.987
22.6199
65.0326
86.0891
35.5866
184.186
157.95
15.93
5.25519
148.513
132.387
560.754
72.6825
2.82039
120.264
390.942
42.1905
72.7579
33.9587
0.935394
14.5903
98.4003
53.9037
192.515
103.814
116.026
5.96208
17.5339
127.263
317.604
69.2727
5.21572
1.09312
79.0043
83.4249
6.51484
166.886
8.1632
33.0023
48.8186
28.45
44.4096
220.722
174.912
66.8856
77.2519
89.3305
193.827
139.958
38.803
226.93
54.5436
26.0141
122.063
8.75252
21.0377
21.5296
110.558
403.62
59.5659
187.191
428.836
41.908
58.2605
161.422
33.1575
170.166
54.1797
38.4458
181.917
65.1457
242.95
126.341
127.586
38.7489
20.271
219.485
314.114
237.254
10.3012
59.835
141.576
25.1416
48.5073
109.025
71.3133
132.869
86.8127
26.7845
26.2905
86.3777
74.3645
69.0943
140.532
46.1779
123.027
226.794
14.6659
27.894
32.3909
15.7929
59.5208
22.3972
62.3269
138.784
39.8437
96.9196
120.871
152.322
5.81835
36.6819
246.803
165.278
24.0666
33.4151
105.812
72.4199
17.1491
156.066
32.149
95.3891
138.572
9.45404
165.652
23.3927
8.86421
90.6313
333.812
87.4183
76.9026
740.392
34.7526
103.327
23.2349
50.1105
142.093
24.9303
209.844
270.962
456.543
38.7601
78.1386
169.532
268.301
21.0159
254.296
29.712
111.305
254.237
24.7821
7.80807
11.6933
167.353
52.6032
165.046
19.0771
31.9656
9.84633
202.119
45.3385
21.7086
59.5135
34.9239
12.6333
407.15
43.1477
145.086
94.3936
334.396
40.4477
58.9889
23.6143
66.8154
97.7791
15.2661
147.696
58.8261
39.2355
84.0018
114.418
165.058
11.8832
78.7704
340.155
16.6931
43.849
40.3578
155.691
100.827
282.19
19.844
118.533
175.266
61.0488
0.677346
158.18
90.7272
73.3979
15.4137
40.6681
30.2222
6.96317
244.246
128.635
161.253
3.64465
356.526
75.619
30.9365
38.2362
71.4558
21.7957
130.091
3.4587
8.92327
75.9905
61.0222
4.4529
128.018
195.03
70.8393
332.058
10.3921
113.666
273.742
29.77
121.322
96.2724
95.8539
166.394
253.429
38.3544
81.6254
5.76347
36.941
144.052
483.766
30.4136
111.879
180.24
11.9607
141.825
78.7525
10.7756
24.6697
10.9896
243.459
334.643
245.084
68.8417
1.58011
107.786
145.577
173.005
169.207
164.39
54.834
31.9005
292.187
33.1096
15.3632
110.362
50.2167
44.5079
46.7945
55.5269
43.5908
150.558
94.636
36.7774
58.1632
15.2694
47.6453
99.2264
113.08
129.362
22.3867
31.4683
77.6427
42.5776
92.8735
8.4796
144.036
196.5
165.845
126.248
298.419
193.784
34.537
11.6839
153.094
71.3138
4.58181
33.944
64.5201
24.5084
161.532
39.0125
3.98487
48.6468
16.6221
8.29953
5.2323
30.3435
1.07494
10.1189
30.8779
212.623
65.2208
65.4138
29.5495
28.0798
77.1726
52.3225
367.693
42.5175
145.689
110.472
116.728
206.614
53.6829
136.169
77.6233
89.9392
36.9132
71.055
2.73152
70.8125
85.8894
126.913
35.6823
179.763
122.588
3.04035
192.421
16.009
36.0858
1.10799
255.063
95.746
46.1451
0.211309
143.568
183.21
114.03
6.07818
39.0874
121.937
17.5786
107.119
46.1161
80.6542
35.3318
267.615
14.7102
25.9687
149.649
217.843
37.5222
228.812
1.63413
7.60123
42.6512
0.317438
104.798
140.918
149.408
18.9707
0.852444
81.5595
166.177
16.9249
135.126
1.94794
25.7415
60.9184
78.8001
20.4095
78.3903
6.19524
67.2026
194.079
0.67255
8.51198
51.0188
32.5434
102.846
39.2955
33.9728
52.5799
9.08808
60.169
92.7686
171.356
63.319
195.358
235.477
44.0718
6.82242
84.7005
67.9042
338.817
6.98729
167.987
1.5837
187.692
48.8867
161.774
8.04878
45.9554
118.674
55.9164
47.4608
59.3329
29.5398
32.2664
54.7567
213.333
51.8167
36.7345
146.248
80.4957
53.7456
1.90776
155.58
39.9954
56.6057
8.04499
167.149
0.419958
32.0317
279.26
233.142
33.3126
17.9436
0.602206
31.6167
140.968
239.197
125.892
46.785
259.401
141.351
397.7
120.134
59.9838
273.496
145.025
62.6258
75.5617
104.567
12.1592
21.6166
157.145
205.661
32.3739
254.866
0.851998
371.752
12.0177
15.8768
19.5043
86.5206
181.254
329.713
24.8009
55.2862
92.6202
214.143
80.9954
226.191
185.626
20.7293
33.1398
269.488
7.57635
256.78
69.6667
76.5369
43.5572
64.5875
138.434
34.7937
25.0959
49.534
22.554
80.972
223.738
231.128
185.733
48.5707
37.1829
118.53
95.5961
112.319
65.6886
12.3322
257.113
17.9597
59.6987
176.065
8.43592
153.085
93.4335
72.6984
324.181
38.3522
147.894
77.7159
91.9806
28.9373
139.791
7.71536
14.4066
65.9476
16.6683
184.668
6.07192
19.9384
145.856
375.621
30.3229
76.6277
6.71788
50.8301
170.182
4.93319
33.2139
23.5838
8.21041
36.5598
314.216
12.511
69.1462
86.6105
32.6452
76.5774
130.589
69.8093
144.722
4.07924
66.994
20.7965
54.0768
47.1586
7.21741
303.676
7.04031
25.284
266.332
31.542
11.0233
32.4965
3.73458
42.1004
29.4594
23.2157
21.7602
172.487
163.374
56.7953
170.455
50.7434
60.2526
25.1002
74.8684
209.565
324.69
23.1865
111.555
40.7694
4.37543
90.521
29.3207
84.3107
3.45051
46.052
61.3129
60.5271
3.95111
108.906
161.024
167.287
9.02238
14.6709
62.5533
198.912
25.4524
223.564
179.548
227.391
327.971
127.183
455.731
43.2664
165.044
18.6157
7.82931
96.0201
43.5106
203.849
15.872
15.7421
6.12889
49.1122
14.0725
14.914
1.57021
55.508
47.4684
0.707449
18.0753
31.6405
59.6525
378.812
23.5957
124.118
111.223
45.8606
38.9442
31.5784
12.6163
130.429
366.934
85.9103
357.226
0.984133
87.9375
63.9141
8.24069
150.175
261.154
61.348
75.695
6.35677
48.0382
66.2866
132.663
178.698
91.3246
212.243
146.031
112.216
75.352
118.662
4.50523
12.8863
63.004
19.62
74.5001
106.254
301.871
21.0621
540.754
72.1039
46.4811
61.1158
8.68059
9.14362
11.4677
42.6544
401.568
7.33123
147.398
126.277
14.3398
16.3139
354.339
115.962
45.483
211.158
68.8752
139.207
186.767
76.5882
44.7638
2.19948
184.762
110.089
176.595
178.061
180.888
110.267
139.841
57.8807
99.1151
47.9995
66.7516
138.651
204.588
56.3819
271.931
52.1816
30.3948
70.2563
145.892
107.533
0.426789
13.9814
101.022
0.661513
68.6487
241.942
124.093
4.91319
50.6748
100.891
29.0443
139.287
59.5336
3.565
69.8793
18.3599
99.8059
55.3015
113.514
155.268
54.8243
182.5
108.833
27.499
224.465
22.943
24.6593
264.098
71.7487
40.9494
121.258
126.457
334.9
150.694
95.0907
34.7445
16.7743
74.4116
28.0948
15.5295
251.315
28.2324
5.55559
54.7617
102.898
29.8837
93.1612
48.6379
33.394
13.0466
162.009
32.7488
281.217
167.793
3.87544
11.6523
132.204
96.5002
23.1776
215.17
127.372
24.7644
103.157
23.2783
99.4518
54.0463
28.9173
150.867
83.2736
103.381
100.449
350.113
260.891
167.691
18.2926
122.125
15.8206
125.52
145.758
101.284
17.2634
23.5649
151.593
13.9562
22.6946
109.106
72.542
147.115
27.7033
32.5223
144.334
264.106
49.5523
36.7795
206.067
149.156
82.7282
53.9688
77.9471
74.227
34.8547
203.649
132.246
235.927
58.042
257.989
125.134
173.567
134.05
43.0638
237.769
80.1009
25.858
6.05422
40.548
50.9008
449.925
45.1934
138.662
491.253
61.1844
174.582
47.5695
41.1115
13.4155
175.539
6.77343
22.2808
132.076
1.40241
162.109
12.8751
217.624
171.936
12.2034
427.436
66.835
342.22
39.6324
61.212
118.394
44.8876
57.2057
21.1393
114.066
109.331
222.77
314.195
13.73
55.1323
324.863
244.683
15.2397
46.372
105.792
132.974
168.127
3.30042
43.0401
17.1017
34.8114
14.8971
72.8782
29.2414
193.03
49.3042
335.421
33.2715
4.67973
298.513
3.3256
53.2101
137.375
34.797
59.8352
9.11673
376.523
0.972201
267.39
15.3078
5.45853
264.307
31.6155
164.044
292.269
26.4133
123.652
12.4717
240.333
125.825
35.2374
12.0125
61.6953
12.9808
40.8508
19.5824
300.465
21.587
76.6069
2.39544
22.9379
75.8298
32.092
209.157
549.698
133.717
52.9032
99.5265
76.7898
148.676
149.512
65.1387
184.715
1.6824
50.0675
39.7475
33.181
234.623
17.4318
137.539
339.981
499.879
155.527
83.0682
154.962
116.693
93.4566
18.5889
234.252
125.669
75.123
3.75119
59.3807
46.8861
29.509
312.402
39.222
0.324811
28.2181
287.981
123.066
10.4458
12.5044
16.0975
210.676
247.704
291.744
0.40123
22.1348
470.184
66.4732
246.57
52.2208
52.9687
81.3277
96.6294
153.46
76.8361
390.914
424.514
86.8188
536.919
11.2243
39.2144
60.017
64.0527
158.256
194.475
307.467
54.4529
56.4154
38.8362
14.6717
28.0363
6.39474
126.554
47.8564
49.7081
45.6303
11.463
153.104
8.59002
2.17015
60.0384
230.208
51.5013
84.559
86.4369
50.8182
138.489
103.924
294.58
375.887
56.1678
277.803
22.0575
22.0214
32.6458
38.6947
238.835
20.7246
43.1463
294.646
66.6806
311.576
8.57671
215.944
219.238
114.342
199.178
24.9276
39.1573
67.0522
294.887
21.5473
10.935
37.5953
5.48195
71.0596
9.48883
28.6331
49.1774
24.8916
127.249
15.6516
37.7616
48.8647
23.0683
21.2602
40.3958
64.2396
50.331
132.775
262.541
0.718356
18.8704
7.9572
66.2031
49.5266
8.01178
86.0301
114.355
199.548
245.313
33.1239
82.0637
42.3367
59.2915
51.3982
50.026
167.747
7.55773
5.80017
35.0636
38.1336
169.406
186.978
63.6065
148.125
94.0133
346.821
178.612
57.3016
58.7527
125.611
95.3023
11.3202
13.3009
38.255
33.1965
233.918
457.762
38.4684
48.2772
74.4419
148.022
24.8159
47.5709
115.598
116.303
176.477
4.05807
28.2875
19.346
472.989
433.281
64.869
35.6814
179.93
368.143
23.9843
27.4991
42.5058
72.6364
326.308
17.3315
8.40123
47.3183
55.2914
67.8224
353.558
104.729
10.9342
144.12
165.128
64.725
24.398
187.333
45.398
205.752
91.4608
307.374
12.8122
62.2929
40.5883
87.0482
18.5084
38.53
5.53026
118.832
168.268
21.2683
110.699
41.6911
36.2358
50.9163
6.32447
60.9438
14.0882
24.7245
172.578
142.591
123.238
244.915
192.388
101.585
51.6016
71.4389
67.1249
183.991
5.21519
127.872
112.86
195.912
87.2893
85.6553
29.4916
61.3359
127.922
180.301
23.8329
14.6889
35.4808
28.0524
197.426
70.598
153.909
281.555
399.55
92.6918
49.5595
221.514
161.601
93.2959
26.0849
142.431
60.9908
60.9051
179.995
773.543
7.41213
364.239
29.2215
70.0216
23.9958
206.677
25.9504
219.078
15.9251
283.449
304.498
21.3698
81.6996
31.8
341.481
92.5984
44.6863
78.2533
118.244
129.995
218.172
36.8049
33.3745
113.512
143.26
8.80156
104.874
54.0766
6.67145
209.153
0.30408
44.1158
20.4477
56.723
171.812
7.48515
103.705
206.603
113.395
3.05742
15.8315
103.113
59.4933
88.8224
63.1275
100.844
8.79793
87.978
8.22702
134.029
52.096
87.4667
271.237
26.9092
92.2434
148.477
38.6735
18.7952
64.0284
67.8457
271.565
128.619
55.2585
96.0812
150.178
44.4456
1.89177
16.2139
165.675
99.212
60.3622
74.2611
8.15442
4.68045
9.6141
126.478
159.846
84.4043
16.2475
60.8434
159.242
0.983645
214.955
75.4445
125.65
12.1119
45.1003
116.571
259.797
71.0799
252.367
13.0031
0.447203
53.1683
29.4381
9.55104
115.162
271.987
41.6813
36.9383
46.7204
0.0315521
57.837
172.185
20.2948
68.7188
71.973
16.8462
10.8276
14.829
91.3681
63.1667
9.00102
68.5641
97.1745
38.1116
76.9609
114.395
25.5158
281.031
30.6087
44.8127
0.310717
20.4037
31.5555
23.1975
29.5417
93.1221
374.354
500.301
71.7978
36.89
53.7459
27.0497
96.6788
20.112
30.032
42.6858
53.1879
74.0336
60.9102
37.8886
51.2592
15.2773
130.741
314.068
205.148
173.894
109.173
6.0029
6.62842
36.3448
92.3166
93.6041
15.9444
30.3796
200.401
102.524
66.9255
165.284
54.7747
98.9025
29.0881
213.679
38.9541
61.7071
138.523
134.249
12.5994
10.7502
19.7892
121.727
116.858
69.9242
131.523
91.9656
11.1908
63.3684
93.8114
3.97062
10.6583
4.48923
36.8308
70.7546
137.204
5.11984
36.0986
28.8411
108.553
134.747
77.8193
4.80192
98.4563
77.9767
157.196
16.5689
8.24525
135.123
79.2208
59.4373
84.4895
53.76
148.757
246.481
43.5022
81.1766
115.518
8.93786
126.673
123.53
261.131
56.9325
76.9599
15.5322
72.7835
3.56979
30.0871
68.1767
8.37862
13.9989
13.2582
22.0053
19.8169
193.223
10.0808
103.938
8.22271
60.242
18.9686
14.3674
5.64704
11.4264
5.88658
140.659
335.486
250.296
37.1835
13.9954
141.718
223.469
28.5837
29.2328
18.0135
7.12023
187.886
19.7135
38.7658
7.07292
28.0512
22.3696
147.514
34.0459
119.754
150.486
30.5256
92.2952
96.9594
81.798
71.6716
47.6069
84.0235
30.0364
73.9698
8.89358
27.7656
122.658
43.0359
41.2211
22.3659
14.1289
44.1271
13.325
34.0208
14.4077
120.007
27.1317
135.321
15.1115
141.914
72.958
118.879
61.486
116.244
95.1383
0.688002
195.807
86.7783
39.0149
146.805
180.537
134.773
184.975
148.446
42.3564
72.8892
99.9269
18.3017
34.6945
193.578
41.3593
53.2191
219.679
323.45
20.133
16.5222
127.91
213.187
102.654
236.083
177.856
166.464
118.559
55.0773
45.4074
208.493
9.42972
200.825
15.6199
6.21123
234.473
142.044
76.9962
58.6952
85.8669
109.171
3.27775
122.68
41.8353
349.904
126.134
121.442
49.331
108.986
42.5301
22.9796
10.7865
44.966
1.41347
57.3875
159.231
191.127
104.645
4.29252
353.03
27.768
169.587
16.3465
90.5575
124.554
45.4712
130.389
28.6722
104.315
72.6301
39.9896
92.4625
35.1374
0.616888
127.227
295.538
311.607
37.3297
37.6586
8.72612
120.133
90.922
52.6875
43.4885
102.47
166.789
244.365
61.8694
10.6597
6.00248
44.8434
15.6337
110.414
6.81927
107.599
74.5164
110.428
86.5538
283.017
99.9616
23.8892
44.7476
522.518
31.6752
165.651
46.8573
173.416
127.831
161.867
254.81
106.301
17.76
23.4341
40.4156
20.036
45.4041
14.2182
219.544
2.95833
204.55
168.266
41.2512
11.9199
126.293
87.7081
188.07
162.581
68.1848
25.9911
0.0627335
79.4278
10.8801
166.065
18.2125
147.293
13.2574
171.771
181.53
159.528
73.0796
82.2883
75.8179
187.16
24.7873
42.5214
73.5601
140.782
7.69354
38.546
31.1023
75.1836
131.897
177.071
23.7443
24.65
92.4343
188.816
170.892
67.7046
42.1365
62.4498
145.574
122.276
23.0204
21.4568
483.216
92.1688
36.3501
32.4461
203.685
16.5023
350.389
441.464
63.1768
25.7157
226.914
53.7077
58.226
377.895
134.648
149.178
48.2976
18.8545
204.019
212.074
46.7586
135.956
95.6592
40.9014
47.2207
23.1398
70.3761
30.023
129.084
36.7586
45.196
44.3181
68.9988
240.433
177.384
20.7356
54.1977
37.9706
166.098
133.706
17.3399
70.154
12.5855
14.7042
12.7675
26.8139
257.873
132.144
85.3134
63.1528
74.6788
24.8044
200.228
181.852
4.78874
30.4382
37.8172
8.86018
33.8275
49.5048
1.38323
42.8376
1.25118
49.2515
8.38649
9.81763
68.3772
113.753
47.8356
41.8016
109.535
57.2329
29.5326
143.871
82.7481
63.5817
124.564
274.123
158.683
11.1312
34.674
3.91259
105.852
84.8478
10.4854
112.481
269.589
293.151
171.496
111.762
15.5676
78.0051
68.9975
101.384
135.51
35.7975
22.1444
112.994
59.9912
1.16221
185.016
133.153
0.665847
17.5663
108.826
16.3331
102.832
90.0594
21.9041
124.209
25.6225
173.539
52.6761
42.8714
71.3363
117.125
5.48794
30.4216
0.382441
219.837
26.8898
170.537
150.024
67.4029
12.6525
55.2281
36.3924
41.3654
14.9062
346.164
22.0515
25.3967
13.7357
174.283
9.59452
148.414
169.34
29.0938
51.3307
5.80603
9.5372
54.0136
20.3364
24.0707
92.7247
185.414
8.00075
322.378
63.93
123.931
193.102
16.4974
134.005
132.322
9.98419
154.552
357.72
49.9531
55.4094
77.2177
71.003
0.680644
14.5266
329.981
21.4616
76.4047
181.524
123.093
188.932
20.2126
102.109
24.6024
180.708
45.4185
15.3158
30.4951
217.56
54.8316
9.65644
81.2175
852.447
41.3259
459.094
64.6782
191.623
27.9796
55.9832
295.52
38.637
28.2647
55.7036
235.224
93.9803
69.4584
7.96547
204.471
105.979
79.8729
59.9455
146.877
164.122
174.225
182.086
11.7441
100.785
268.918
271.833
33.1274
3.15572
0.666738
132.938
154.376
79.2826
6.92224
70.4738
28.5695
36.7721
166.679
48.4384
4.61305
11.9909
2.70054
98.2536
116.422
54.5741
96.6005
27.2966
10.6274
78.9584
276.802
183.254
198.686
55.7816
86.9193
3.45852
82.7604
83.5921
181.118
665.031
111.776
41.9421
68.1433
50.582
33.7952
35.3055
79.5637
119.039
109.316
445.574
207.386
44.9143
120.109
9.29668
38.715
14.5568
57.0882
24.1021
27.1331
136.816
5.34183
65.5932
63.3849
67.9744
242.592
97.4601
3.66554
180.059
5.40584
58.5686
95.0061
19.7669
483.904
42.059
622.425
121.691
17.5509
113.925
6.02388
78.9926
220.505
134.101
1.10963
278.899
210.881
86.6148
56.0076
32.8181
64.2112
30.0806
750.341
16.0872
3.07766
79.8843
13.4281
132.633
178.04
232.466
200.712
4.14461
109.631
70.2006
7.49814
284.432
349.016
9.15608
364.219
13.5707
5.14946
115.665
15.5991
132.672
42.4117
168.906
238.204
165.497
28.5501
27.97
30.3231
132.866
136.775
187.612
221.308
22.6484
128.622
463.941
2.40287
155.254
255.501
224.038
19.5341
23.5708
112.883
148.125
37.7327
27.3894
49.3916
171.533
91.8006
33.0929
150.334
101.949
108.54
319.593
58.9333
19.6361
85.5371
115.319
97.8195
59.3291
110.808
50.0631
38.2084
231.523
98.6543
57.6967
26.719
114.355
40.5032
13.6512
29.8099
339.997
1.44636
198.84
41.6014
88.962
12.8264
205.717
19.3068
28.8418
179.141
32.919
169.964
59.3029
31.5759
360.911
28.6284
178.08
28.5645
108.912
172.32
227.61
3.7065
167.422
49.2753
243.764
145.569
6.16935
34.905
25.5103
105.197
13.6583
138.693
10.4939
20.833
56.1112
9.58318
244.878
141.685
307.796
34.7137
23.2024
110.981
138.054
243.958
47.2988
1.27214
25.4136
126.717
74.1961
67.0771
132.652
148.231
56.5626
58.1427
0.0825907
35.6799
133.844
101.551
99.0408
119.308
141.22
52.0118
29.2078
103.152
136.227
75.377
6.77403
63.3509
81.4061
84.4005
173.401
63.3429
30.1614
309.049
83.5653
276.674
107.841
20.1706
1.76297
16.1274
42.3028
150.585
143.347
6.37658
51.2265
157.389
80.7958
210.442
61.6422
92.8163
11.7321
109.767
43.9221
253.816
139.052
191.283
114.241
52.0863
280.404
5.66247
116.986
65.7422
22.81
33.7434
124.072
88.0352
57.3722
46.0684
37.6912
308.131
72.5253
77.8077
286.272
75.3709
508.565
211.993
14.7013
46.6529
141.205
38.7606
37.2145
160.118
53.9958
53.5504
35.4238
26.3495
21.4087
27.9932
24.8033
11.3822
20.3919
120.165
37.7693
179.968
34.8567
26.5155
49.4016
49.6683
72.8495
14.4326
160.927
102.348
366.172
16.5
34.2616
402.857
23.9959
2.40685
105.523
41.3224
20.8309
119.967
0.262144
34.1912
132.826
134.883
54.1932
108.224
177.8
137.248
10.9524
28.7065
39.4344
2.26108
168.867
59.411
19.0982
0.738439
62.2053
64.5721
5.44645
65.9091
271.582
18.9134
92.8184
88.3116
182.216
179.341
97.4737
31.4037
26.3424
70.1399
49.2117
21.8175
33.1335
107.791
34.9614
40.4698
127.125
42.2051
105.832
162.874
111.855
95.3913
55.1403
38.6231
312.808
7.07965
58.025
2.53551
5.23893
750.359
2.99283
103.955
103.233
42.1775
42.4386
7.79741
140.249
137.68
114.875
66.5386
122.911
41.5318
4.80167
101.372
35.5588
1.77145
164.009
83.9802
70.5022
66.3277
18.6917
3.79072
55.1787
50.3342
186.137
86.8517
7.25081
104.735
48.0127
44.3445
136.441
18.1163
19.9757
44.6692
56.7798
99.4355
0.477015
8.9985
29.8501
117.839
20.1041
174.074
14.2108
131.752
113.316
172.885
33.637
162.933
37.7207
137.609
208.226
17.9764
47.7771
27.4372
88.8053
69.3004
142.792
61.1594
62.3968
296.457
1.65254
27.4727
189.643
92.6811
20.5175
64.1539
4.09309
65.0009
12.733
302.409
39.5065
175.774
153.18
26.056
6.80718
109.792
204.589
362.559
1.43582
184.636
9.14339
48.7379
184.267
98.0616
70.8869
21.1043
57.6568
66.53
58.5517
28.3294
163.223
195.736
142.596
127.25
69.592
196.784
4.75526
4.80742
25.4503
87.1369
361.639
116.308
153.844
102.46
56.5026
64.3075
123.303
53.1178
4.25586
315.843
28.7209
61.2493
83.5513
68.5343
146.517
22.2263
139.614
198.121
172.443
121.133
0.625123
52.8316
67.174
5.4834
22.0285
91.0273
52.3708
51.2551
54.0477
350.851
433.18
52.5898
6.17242
137.211
32.6019
21.26
300.431
41.8812
79.2116
48.4075
40.8214
57.3089
504.455
88.7089
0.805254
96.6631
55.2057
255.318
52.2623
110.096
6.71833
1.19596
27.0427
152.315
27.9604
80.3956
55.1842
161.437
8.79893
123.025
37.2093
491.626
35.7015
29.465
197.69
120.525
11.8226
154.465
15.7164
3.45867
118.04
28.8464
90.0364
118.981
19.1391
55.014
201.118
72.7334
86.7485
71.4585
81.9466
70.1737
16.2187
39.1691
35.8704
55.061
268.125
81.8667
258.932
40.4998
15.8278
14.606
20.3598
121.514
143.547
139.031
38.2845
51.3137
52.5386
86.4602
228.756
40.9905
91.5534
15.841
23.8975
99.5169
89.2601
12.8648
373.903
1.17366
80.9548
94.1555
40.3852
39.807
51.4809
26.8155
11.6584
12.582
64.7822
347.49
93.6082
107.01
49.1765
127.113
11.1559
12.5946
40.6538
46.8867
28.0317
2.35557
17.2308
48.914
326.833
33.6339
38.9466
190.923
93.7925
35.1362
180.045
232.925
19.3448
55.1696
15.097
252.722
14.3254
13.7101
9.23433
84.1686
200.368
25.3568
4.73247
8.93161
11.6176
307.327
2.12445
196.885
53.781
23.234
85.4537
24.2913
17.0906
434.249
195.02
205.334
54.4333
141.822
55.5429
44.3269
202.794
17.3287
110.084
64.6664
62.1101
64.9972
115.264
71.3408
104.252
13.1442
36.6791
21.212
20.5993
126.515
79.5484
6.34756
6.52565
100.613
167.765
283.794
283.972
131.937
135.487
149.224
214.916
250.465
63.4035
97.2575
233.887
64.2313
1.81912
52.5053
116.597
67.6069
8.91296
12.4631
186.724
25.4149
6.86461
103.332
32.1297
289.252
79.1185
128.29
224.51
171.174
8.27785
140.102
71.9108
44.0201
244.297
564.204
196.97
73.3479
149.676
90.6615
139.437
29.5363
102.247
108.046
53.0327
32.4298
78.8424
136.871
81.9503
99.4253
350.479
151.762
14.8744
74.1297
128.501
178.026
28.4749
23.4598
45.654
36.4419
46.6301
344.469
148.829
125.738
65.6081
232.637
225.975
55.6354
235.367
25.2999
94.6424
171.434
67.8559
63.5219
73.127
3.36519
72.0605
234.518
48.9022
536.462
36.8985
77.141
116.525
96.4539
40.0976
295.78
16.1365
122.072
10.1945
102.886
350.291
18.0257
80.8211
56.1057
7.5748
104.83
332.236
117.262
495.346
88.5068
61.1054
35.689
221.14
7.49791
112.336
21.77
142.674
126.06
207.565
100.162
23.283
37.3914
224.829
14.7871
240.95
10.3376
23.848
166.218
85.2205
80.3519
123.386
10.4164
114.372
60.4133
145.421
17.5554
4.26621
138.673
9.44229
98.3066
114.333
19.7323
53.0727
102.084
57.7989
98.1261
47.7876
9.37993
17.9093
369.123
88.6677
57.5066
197.493
4.07681
2.38211
137.882
229.244
72.1267
36.059
194.939
72.5466
344.251
54.758
189.294
29.6311
40.3956
107.987
35.2375
854.912
266.964
26.8061
195.276
80.2217
88.0666
103.322
4.64002
179.247
16.313
67.3806
277.386
137.149
158.313
166.127
249.215
83.1679
4.35662
104.173
83.2721
45.1172
13.6407
169.663
56.5745
27.091
19.7358
110.969
179.823
27.5105
53.4052
274.663
47.3209
66.4391
108.869
30.545
72.9583
56.3835
116.044
33.6022
108.195
82.083
4.62248
87.6317
7.45682
42.2802
0.645968
101.675
6.0896
119.614
131.618
25.5025
8.29607
84.0209
262.283
66.9084
223.334
164.301
142.184
15.3589
146.659
3.3812
43.5534
307.809
104.642
314.963
17.7102
236.967
143.555
62.2777
8.05041
59.0865
165.82
18.1648
58.4195
93.1225
8.07867
190.104
48.0976
53.9329
3.93426
32.8629
18.8671
74.9504
0.0565106
168.044
175.841
108.424
68.3838
79.0589
70.8467
125.349
22.234
47.4956
117.748
49.1319
83.6314
199.711
141.845
3.57461
48.9573
96.8983
13.4077
57.2583
13.0836
58.6581
97.036
106.947
122.838
66.0985
149.768
5.36257
30.1072
12.8986
173.067
64.9562
33.9797
8.48684
137.626
34.0548
45.0685
92.1454
176.905
14.1235
80.3977
65.1689
140.638
26.4271
78.2342
145.648
104.045
28.5575
287.016
322.722
41.4602
228.547
203.011
53.8829
10.5977
24.9398
275.74
2.85435
3.21944
13.1083
182.988
16.5227
142.25
116.878
9.18901
13.1097
260.06
200.652
330.126
141.202
171.304
185.67
271.674
48.3952
1.75749
39.1357
97.4269
139.108
8.79272
11.0322
264.675
116.405
386.049
208.454
58.1405
145.421
5.06377
13.4163
23.3266
146.125
105.399
105.729
38.7939
40.9407
4.12664
15.4313
136.064
127.924
116.588
44.9746
78.769
86.0719
287.005
110.417
121.886
75.6828
12.9057
15.7674
63.4054
38.4682
299.502
126.092
84.7275
64.3446
89.7931
765.143
84.5286
1.4568
115.834
65.8444
98.8198
40.6223
75.6089
87.6399
205.087
124.879
153.407
93.3729
14.5165
22.0832
7.06406
10.4098
17.2814
11.1063
121.707
13.7802
262.819
5.83576
121.867
325.725
26.7381
4.21726
106.872
20.6068
90.7635
69.503
239.316
55.7038
117.18
36.933
77.0324
85.8374
13.2073
37.5298
98.3054
94.3794
68.1164
79.0081
386.996
161.641
241.509
5.95458
155.474
72.1556
241.812
7.02038
123.898
17.3601
140.915
46.6041
58.7748
70.9114
8.62574
21.5689
119.85
15.3143
89.4428
135.687
26.0063
185.153
180.458
131.541
149.772
150.381
88.3744
0.439448
211.025
269.808
31.799
122.844
39.4875
211.036
85.9056
79.6462
68.2841
15.8099
12.3736
75.7354
132.75
74.7787
293.638
6.99529
18.128
246.873
136.99
12.0729
10.3547
5.87195
30.3908
126.686
199.477
91.6347
385.731
53.4574
11.4938
101.549
11.2245
2.76044
50.9141
43.6684
74.1635
70.1752
61.6812
97.0885
91.8865
326.1
68.5759
200.134
8.32669
117.568
13.687
76.992
75.4262
356.097
31.5262
4.94429
208.825
66.3706
44.4627
103.062
25.0419
8.04879
218.238
41.7151
72.5719
149.812
41.2774
148.487
93.0128
37.4686
222.29
92.5982
132.581
65.331
1.71748
43.7543
215.665
17.9919
15.8262
95.032
68.4449
61.7286
405.246
190.391
118.185
56.0927
27.5832
40.0526
39.0102
128.727
49.5466
25.9981
26.1716
15.1447
264.063
43.7338
107.534
177.566
53.9774
96.5341
9.11164
75.1853
9.7215
26.1928
63.5002
4.725
103.245
10.801
59.9511
1.31762
116.351
30.2781
22.775
29.6259
125.193
105.863
120.78
2.45073
89.6057
59.8323
203.776
37.179
204.975
42.733
131.423
3.42373
2.15413
27.124
52.5628
70.0131
128.188
18.8707
256.047
175.6
3.25647
42.0667
132.475
16.6398
14.5778
107.177
23.1664
64.9451
5.44078
281.421
39.4051
81.785
210.595
253.741
82.1036
239.319
29.7736
20.307
2.1248
192.614
86.0372
119.181
7.53452
111.373
60.8456
344.835
59.4631
16.4868
160.242
54.943
163.098
130.745
81.5497
74.3685
100.577
12.4923
53.9184
40.3437
27.154
43.1694
48.3064
35.0797
195.917
278.291
42.4158
143.093
5.79039
50.8882
279.071
74.6937
308.15
12.0797
27.7138
86.9126
85.0091
21.7056
80.0074
35.1798
29.8862
1.54867
10.303
117.046
124.035
102.384
103.35
17.6065
360.266
78.8785
31.6467
26.7114
201.878
178.173
10.0885
39.6646
20.7861
154.777
7.36215
116.183
69.7415
54.4971
67.8512
50.3607
22.8365
182.436
35.4579
154.048
39.2116
116.669
85.8098
22.3033
40.9728
3.73395
425.002
95.683
1.56265
270.998
22.1696
216.328
110.579
84.5806
209.411
22.6315
71.4608
10.0101
20.86
27.8615
38.7807
169.945
8.40985
129.532
114.862
0.663212
362.347
47.9619
184.831
192.471
4.27659
76.4
43.4909
34.6142
39.8367
369.826
186.675
10.9825
55.7347
104.115
91.7867
35.236
13.9786
193.077
13.4083
31.7893
84.5449
180.073
65.0856
39.6334
2.58578
1.15967
22.4188
39.1577
3.92531
27.6385
208.246
5.84623
104.44
8.94678
75.3495
30.2229
375.025
23.7564
11.3604
46.1788
81.3033
320.365
2.05364
62.206
32.5256
8.2077
64.9641
305.152
150.499
1.28087
94.9441
234.968
13.6323
143.45
185.029
73.8011
48.569
12.5479
33.158
112.378
99.7158
436.085
9.04776
7.98662
48.1053
21.034
71.206
173.126
35.7645
22.611
130.944
81.8737
17.0736
182.363
70.6542
28.2943
10.3596
115.554
56.8718
10.3824
71.3575
4.86951
166.535
69.1256
40.7303
311.324
243.414
152.412
29.5293
40.2762
52.9522
15.8681
29.265
24.2622
279.548
23.6824
37.6927
163.515
151.211
28.0464
21.9405
20.3352
37.9594
115.384
6.15997
57.2704
0.315681
80.6434
52.7475
51.0509
26.9376
24.858
64.3312
70.2312
33.3006
70.0699
70.1791
63.1727
20.8676
5.38226
28.5227
23.1252
1.50688
37.6308
211.392
22.7073
94.224
89.6748
292.081
34.148
93.4478
420.79
59.1502
107.911
20.785
58.3438
35.2194
40.299
9.71303
129.873
319.437
136.326
41.1465
42.5053
140.941
64.5354
81.7894
42.5048
8.62978
36.2812
26.4093
14.3625
209.747
52.2691
24.6744
68.3534
146.412
22.0756
87.1192
149.447
60.5176
20.5302
77.0814
80.9298
47.0246
54.1965
23.6641
42.8745
9.96617
1.48403
68.6528
53.0151
15.8466
93.2449
212.909
65.8944
15.2834
239.266
177.777
88.7435
20.1205
214.76
5.46769
74.5023
233.19
90.7943
158.253
107.536
79.9573
22.1822
69.3797
57.2212
22.3631
118.737
0.724893
42.362
13.104
17.9666
188.307
49.0512
58.7747
232.986
510.61
34.0794
327.714
280.052
246.458
164.421
54.4366
123.766
336.757
51.0189
69.12
34.3117
84.8851
113.786
186.437
92.2779
297.132
22.3138
202.507
1.17174
6.02316
0.701593
33.5104
418.402
11.4947
119.123
62.7716
89.3963
12.0934
8.59237
16.3518
104.532
110.401
233.934
114.428
67.5756
75.855
327.657
77.6347
250.31
80.4628
26.7179
331.745
23.4583
95.6224
6.5364
157.214
89.6417
56.2718
69.0862
183.567
27.9903
144.858
138.22
54.202
33.2499
124.834
1.14028
89.8206
162.337
104.702
205.778
144.116
207.279
268.513
173.868
29.015
64.969
68.2072
106.347
230.661
3.24613
210.86
105.407
14.4821
104.643
19.3885
86.3536
162.169
1.96168
74.3985
43.0492
87.6748
2.72137
114.364
394.807
194.531
61.471
260.531
162.229
32.9486
191.509
2.31318
28.1504
24.3746
303.573
103.72
9.00224
135.964
11.0863
52.9191
49.3241
122.501
152.428
43.2838
51.416
117.331
69.0849
54.1005
49.7037
161.332
122.239
165.571
29.7074
69.3392
30.7134
91.0802
584.79
43.1347
128.831
5.97751
20.8964
30.6803
199.597
95.3197
66.5738
332.628
53.9389
56.5094
30.8854
95.191
189.197
29.3661
62.0894
96.093
82.0035
3.03467
3.95068
133.518
52.3837
18.8787
16.0142
36.851
96.7663
33.7748
53.2249
105.184
45.6346
225.552
7.35414
87.8245
3.957
399.799
198.199
121.371
34.5357
30.1543
1.03506
35.0502
40.0467
71.2002
41.5226
64.8316
625.503
55.0512
36.502
33.5335
46.8721
134.726
381.717
61.8818
4.15139
60.28
73.9715
80.8106
36.0081
8.09065
47.9278
32.7006
50.6293
9.56561
73.3817
11.1869
74.969
101.063
210.156
33.1335
155.303
43.1236
27.3733
30.1286
203.869
92.0348
132.69
150.963
15.9626
365.303
57.1115
27.2324
2.91804
14.5214
141.498
158.196
220.215
24.0754
142.992
199.114
23.5565
36.8154
1.19367
17.5897
103.414
572.752
249.898
0.549436
6.40238
108.394
62.6885
24.5283
43.0258
136.608
90.0994
141.237
85.2392
207.836
205.805
40.1275
365.212
12.6613
135.961
26.3312
82.1641
32.7808
98.6302
86.7843
69.6078
17.8026
115.95
394.996
158.208
55.1972
79.8669
109.526
440.309
123.372
17.3564
176.286
123.899
136.004
120.764
13.5224
4.72918
64.2653
49.463
151.172
24.9093
203.592
150.255
185.189
92.7358
38.3537
8.32605
57.6024
41.2551
265.892
136.757
156.748
69.4482
20.137
136.445
90.5439
50.3067
149.761
313.482
77.2261
18.6857
19.2445
14.6011
4.52094
15.5759
296.145
186.313
4.46052
134.703
95.8851
12.24
128.285
123.718
24.6652
85.2131
52.5283
113.84
48.5837
108.982
18.283
199.634
224.252
78.5717
24.877
468.191
69.4147
141.634
131.601
84.2329
70.6126
31.6191
123.967
14.9471
59.0205
11.9713
129.507
61.378
49.0781
55.3478
62.5062
41.8007
77.7018
170.02
46.9759
160.666
376.059
1.3156
108.013
4.23675
96.7973
285.963
88.522
101.401
6.29069
5.60848
3.23563
93.7188
7.76168
19.1239
5.64797
107.535
55.6777
38.0686
85.5415
60.8387
184.614
182.972
57.692
50.6761
181.524
15.2452
159.214
36.5665
18.0123
70.9426
32.6916
99.091
153.79
98.5044
10.6398
125.912
190.777
18.381
184.066
267.748
6.06406
54.8952
412.865
269.49
27.0142
61.429
28.3233
2.90057
27.0152
62.6607
119.609
1.932
11.4486
30.0441
98.9211
45.3062
18.3043
80.659
54.939
229.511
28.84
23.6775
0.0909866
300.805
77.9527
7.71496
4.02639
19.7931
149.202
153.296
0.49798
48.6704
103.279
140.786
61.7857
4.36903
46.4603
90.3666
31.6813
133.236
73.5911
267.322
266.286
160.07
174.979
190.448
363.464
158.126
3.10768
28.0824
5.33573
36.0056
51.2092
171.858
243.239
67.2999
143.008
221.237
113.054
217.962
4.37983
8.53889
464.354
111.71
96.444
8.12702
33.1165
325.512
202.568
165.005
51.6464
84.3956
32.6022
47.9445
612.852
151.608
56.382
8.8957
51.797
125.019
159.625
101.846
5.53313
32.4336
14.972
26.5714
218.606
233.125
34.4761
34.7779
244.041
6.05753
69.6652
119.697
207.361
12.5581
46.6966
127.142
15.3905
2.33346
20.9596
126.723
100.896
81.6164
30.0089
109.353
54.0716
9.90898
4.24703
16.1686
19.7372
172.092
165.735
20.5005
140.716
38.2184
116.725
100.139
3.96377
47.4238
72.1766
29.2719
34.9538
157.188
84.6327
19.0926
363.751
72.3279
85.0322
143.014
91.8186
57.3869
64.8394
22.2507
31.5516
147.913
228.581
242.981
60.8236
7.98809
45.4683
3.52555
162.596
137.011
67.1177
40.2182
76.4198
28.2053
304.49
40.0975
396.765
16.276
19.9272
112.994
210.064
189.948
267.358
238.172
226.923
70.9336
103.022
137.835
146.268
39.7401
54.4016
285.106
207.894
70.2122
174.978
20.7106
139.486
50.5429
125.785
4.9101
82.9301
103.115
33.5739
7.49593
4.51848
148.839
38.8455
205.484
15.8068
18.7657
30.6527
179.769
191.304
132.42
90.2317
78.017
6.11798
32.7506
83.0278
97.9295
199.721
76.9492
30.2025
45.6224
122.801
36.2238
66.3062
41.857
30.1488
273.644
162.521
49.0694
42.7501
253.914
60.1993
110.881
111.411
160.007
6.34274
100.744
117.609
4.00069
83.2416
11.3547
21.1326
122.862
141.22
66.2394
199.613
1.41242
296.387
107.015
94.7128
167.005
98.9445
52.8236
77.2153
4.00473
158.385
405.794
207.315
144.606
118.908
82.8294
70.2732
57.0639
15.1708
246.068
16.0782
16.4354
113.803
53.8289
138.5
0.316126
191.7
279.554
35.9791
18.0728
16.4634
11.6962
168.65
7.51658
166.084
57.8222
203.765
6.35569
0.641613
17.3174
64.5535
73.1991
80.0623
74.6146
143.99
144.318
19.1923
186.247
141.923
17.2258
21.0072
40.1258
27.7052
135.631
27.2569
84.566
19.954
52.1984
99.1379
68.0932
19.9882
201.524
90.2344
97.1743
178.891
268.014
246.964
132.305
55.3496
96.7958
124.036
15.0604
14.221
27.1176
7.3229
67.6728
29.5222
118.779
25.6591
15.0421
6.53261
99.8311
63.1158
43.8468
121.416
53.5261
269.444
11.2084
322.14
95.9942
173.83
110.431
188.005
5.38976
2.70116
196.63
136.726
326.141
159.297
17.6848
15.9152
13.6531
162.231
200.736
21.4377
191.221
56.2113
91.0351
52.2477
22.0992
20.8557
8.95892
195.212
149.599
189.038
51.0632
176.395
54.5766
52.6718
130.092
205.325
426.066
27.6093
138.337
81.3295
189.358
34.8632
73.1671
274.255
14.2262
89.6296
10.282
148.505
1.35868
195.035
177.881
379.211
107.723
136.773
155.689
143.108
31.345
58.3051
17.6499
211.726
301.457
278.483
36.1113
7.16293
93.3521
21.2803
186.287
204.479
42.3481
86.7461
10.9875
77.8983
28.5962
6.08549
6.93066
225.308
142.224
221.151
112.47
39.7982
147.433
38.5108
186.868
5.45462
214.583
111.003
355.975
11.3518
64.3206
14.6655
34.2249
97.6943
173.182
268.328
168.073
22.0515
147.23
75.7007
238.864
307.823
2.14122
28.2588
173.293
162.578
47.1144
9.39199
34.8621
50.8882
8.10568
19.5858
122.358
86.5081
114.603
39.0647
128.287
107.269
117.688
76.0269
54.0784
181.156
300.698
85.0917
8.14232
42.2762
50.389
61.1172
85.392
88.2729
32.4723
355.282
34.5027
103.862
13.3386
83.286
232.327
81.0745
40.8756
14.1029
6.72391
275.763
220.194
33.556
38.3374
112.644
74.957
40.4969
135.651
19.3418
55.5005
9.42983
45.8291
79.3703
47.7622
42.3688
152.39
34.465
56.8673
155.304
209.832
222.169
44.0207
90.9744
6.5674
26.7752
67.6546
210.222
56.2294
77.1471
20.4308
141.614
60.3724
110.919
205.999
68.4192
27.1515
111.668
94.8958
403.61
32.7516
15.3107
36.5451
151.624
74.9162
53.0405
202.717
33.4852
15.0667
46.5
25.9283
322.447
167.871
42.5956
57.3947
13.2724
27.2973
245.112
6.75017
369.879
83.793
138.799
151.282
14.8954
109.671
110.371
85.991
63.6272
36.3217
46.988
377.572
36.1617
95.1225
145.114
28.6673
166.495
214.483
351.933
178.284
76.3024
50.6847
123.373
81.8744
348.424
91.1899
38.7868
40.5044
60.9474
256.312
3.29756
116.001
181.44
142.211
237.263
1.20336
37.8328
299.284
22.222
85.6395
43.0962
79.0854
33.2446
227.86
18.3718
78.1332
78.3345
37.8002
155.609
20.527
63.6186
13.9583
65.3029
149.651
53.9293
21.9787
70.3115
94.0782
5.22693
138.627
39.8277
185.577
132.782
81.7418
89.325
67.8164
106.567
332.701
28.3771
50.7877
212.607
39.2524
212.478
118.569
20.3592
115.964
72.9843
6.13104
67.8648
13.3121
136.984
64.3916
8.21083
21.1042
70.8106
400.223
19.7767
284.197
80.9335
6.99848
356.967
90.9285
78.454
30.5181
16.5149
8.89341
2.65785
50.7546
110.328
35.1162
34.4079
92.8669
186.114
40.5336
28.6462
48.9559
120.534
13.4844
42.4648
19.1931
82.3754
304.874
44.7015
14.4769
13.3197
36.5085
30.9329
365.392
67.6687
39.73
12.7631
92.6137
1.67512
16.942
50.6954
65.3181
73.2463
54.2489
1.74586
319.727
235.361
5.95815
108.52
297.156
140.816
142.271
3.57033
41.3993
79.7479
11.3124
70.7068
134.128
24.3522
10.1513
52.1333
21.8947
187.203
10.719
7.86843
31.8107
41.5307
33.1026
32.4354
46.8844
6.21504
5.69042
104.447
94.5632
121.517
63.7434
4.0482
59.6142
3.36623
83.518
119.393
48.4621
7.92825
69.1806
105.026
15.2108
39.0302
11.0413
9.27395
60.3964
72.6455
14.5858
133.027
213.726
440.017
29.7144
332.358
25.2128
14.8797
98.9648
28.9188
306.017
32.2189
42.4104
30.7155
11.7805
30.3206
26.9088
133.339
2.58726
366.653
103.355
316.174
14.1959
37.695
16.7776
109.005
44.6565
6.97716
126.767
41.876
372.205
28.7535
99.5712
178.301
118.084
6.87736
7.82276
288.388
51.4378
73.2538
72.4364
16.3552
500.622
43.5991
186.504
103.355
81.2916
149.952
31.6757
7.19096
8.67517
96.1959
36.7799
33.5839
3.5659
34.4925
57.163
53.5375
16.6434
91.8834
218.279
70.1946
28.3005
61.7328
103.521
23.904
230.883
236.475
37.9317
76.9234
26.5588
66.2447
201.285
16.3104
125.275
51.517
188.362
29.9748
26.5609
144.476
228.411
197.467
173.353
153.695
79.4636
91.981
72.9625
133.13
25.144
112.17
21.0057
11.0033
24.4421
25.1547
44.4941
32.468
20.5854
333.669
135.142
101.479
91.5703
24.8017
2.61494
253.114
33.9775
61.5886
38.3577
174.798
66.1773
93.5072
14.8649
233.312
72.4789
0.603834
97.8313
3.95545
128.937
309.526
20.2806
206.137
0.359803
5.69985
41.1532
93.7916
10.4809
8.82694
219.634
100.263
46.0944
28.5695
30.4657
70.9291
89.7495
53.9971
36.4756
111.764
91.5107
9.48632
10.4111
136.397
212.573
159.382
191.722
38.3196
22.0578
47.0595
0.733607
67.9752
45.4875
95.2812
3.47422
17.677
6.7317
44.1584
99.5929
101.722
55.8428
125.661
238.292
113.626
13.1804
6.72635
51.0962
162.98
13.8853
8.10921
33.9183
150.212
23.5946
5.54386
274.547
94.5941
75.6121
40.9135
158.099
4.37987
23.953
46.8218
112.736
207.278
42.7509
98.6543
279.662
285.443
47.6666
307.624
46.7669
69.8682
6.10785
105.887
55.5502
67.2996
109.651
91.2438
154.042
56.8513
61.72
109.425
19.721
98.7068
202.799
218.634
69.6434
19.5869
152.417
25.1453
6.2442
93.7961
72.7331
250.095
190.738
157.262
99.8391
37.3589
84.4751
12.0638
19.2192
151.455
55.3464
21.484
1.38665
245.543
7.9451
98.2359
182.512
213.101
70.0351
102.467
134.087
6.38458
15.6128
111.294
66.5627
38.6205
172.692
182.141
8.50242
81.3246
50.7961
24.4158
86.1765
45.8501
10.7857
198.874
217.937
43.9469
108.356
14.8469
192.497
133.478
11.9808
21.174
20.513
153.488
7.69194
128.12
80.4744
125.82
14.0387
30.6252
50.8165
15.5012
0.971315
73.2573
75.2642
109.498
102.525
181.603
2.70018
34.6862
8.70187
54.3473
131.358
26.6416
264.038
113.281
39.8166
26.1832
29.9379
19.8713
232.955
20.0717
93.8842
155.175
41.0729
158.219
67.8552
291.223
0.600302
152.522
27.5775
42.2198
71.2
86.9012
49.7168
74.8013
0.783348
4.0729
112.687
20.6091
55.0286
86.302
42.6354
171.651
60.3198
55.448
67.9121
24.5163
1.50301
1.55841
115.303
545.109
79.6207
67.2175
64.6457
103.692
10.5116
67.845
2.70542
86.2273
69.9844
33.9539
29.5449
22.7791
7.09236
62.3585
258.553
39.3301
172.45
10.8182
17.5945
48.6584
209.509
298.46
41.925
102.675
42.2558
137.42
54.0073
153.732
137.17
177.24
2.96795
129.486
60.5973
30.3434
76.1345
14.4889
82.579
42.3393
36.4629
12.1874
47.282
129.981
58.118
32.3741
318.26
60.4321
67.5992
25.124
149.388
65.689
31.0618
161.887
28.4871
12.5675
14.7807
7.04303
46.5208
247.786
43.4023
180.61
89.3301
131.49
195.935
94.4748
99.5581
76.595
180.596
66.6762
234.781
86.9562
31.3259
87.3028
93.075
114.695
98.6107
150.449
64.8401
24.5014
54.5481
101.412
56.0263
96.8201
10.4863
19.1417
143.611
18.0954
2.50299
91.8037
179.269
22.0439
20.2003
46.7666
13.5386
20.7619
175.429
30.0331
159.858
79.4009
137.486
114.446
152.209
50.0015
760.159
83.7282
36.3978
28.3869
441.972
398.856
26.5776
82.8266
281.388
25.5534
107.719
145.695
47.7447
31.9144
19.4387
9.26587
97.2877
90.6372
109.56
164.217
14.492
77.4159
45.1626
77.3714
31.7852
24.2407
29.8933
66.3877
277.021
173.597
36.0106
145.973
72.4321
12.7214
126.183
61.3673
62.5478
189.84
114.873
22.2074
24.6328
42.8293
0.718801
4.88025
57.8474
17.9007
84.8555
135.573
12.1596
28.1129
49.9559
151.354
47.8759
104.492
63.2301
54.7559
70.7509
227.761
34.7971
44.2938
112.815
121.872
179.466
37.4574
62.4016
242.258
51.8897
12.9797
59.0388
273.54
6.39824
58.1233
34.1942
5.33714
228.296
184.887
155.702
198.996
223.485
347.812
36.6268
17.6404
63.2071
90.1878
141.383
244.188
53.153
53.8609
22.1599
144.075
133.625
108.222
186.39
35.2883
101.79
209.442
51.0145
89.5657
16.642
16.5611
51.5868
183.065
26.7662
248.923
82.6478
165.071
97.2369
410.742
23.7003
137.587
108.15
13.6812
75.3986
95.9611
48.9852
139.538
77.3893
16.4939
3.31825
174.091
262.362
64.7027
19.5968
54.814
68.976
80.6115
187.578
49.6887
365.308
152.078
65.1968
218.786
236.942
91.9581
28.795
134.437
144.681
30.1699
388.731
24.359
152.775
87.368
31.236
52.7875
44.2879
73.3501
18.8438
242.258
93.2085
6.72959
31.8391
276.777
4.75614
104.393
48.7323
4.10765
147.9
30.3082
62.7016
27.8739
277.608
28.7679
80.1983
22.1377
84.449
50.0942
11.2664
7.10061
192.292
82.0742
297.758
306.743
15.8476
63.6898
37.2709
45.1846
26.6866
82.0889
53.9659
20.7206
127.129
47.4894
5.38222
95.6962
16.9228
110.432
17.8163
44.0318
12.7155
38.21
14.1179
18.0772
6.29846
101.224
276.846
192.955
31.0633
239.114
523.903
75.6404
36.5157
19.6197
42.7211
175.839
15.2306
56.1697
42.9762
33.0511
139.62
173.159
9.67376
295.476
1.79615
19.9403
362.044
128.69
260.641
127.625
59.4102
2.42185
395.32
26.7574
155.892
163.185
55.8089
232.146
322.235
156.688
107.239
96.3013
300.41
69.1721
113.904
151.672
7.59969
64.1582
34.2208
53.8028
175.195
73.2913
50.102
40.2713
5.13479
13.1443
131.101
31.3169
29.0682
247.351
76.4491
107.944
62.9275
14.2176
48.9611
168.197
37.1345
75.3941
10.0907
299.6
161.03
160.808
312.798
1.13612
129.426
31.1674
204.169
13.7358
186.866
79.1962
135.572
154.856
104.134
195.994
45.7864
78.9713
14.5036
181.05
121.601
26.7414
81.9656
29.9263
196.858
184.378
77.0592
109.957
23.3683
9.31669
30.5471
33.2674
46.5501
412.689
187.429
139.391
270.754
29.7504
99.5203
89.3933
63.6113
76.6327
64.0756
58.0656
189.862
102.825
67.0866
89.5819
24.7756
5.65741
117.229
92.8379
259.231
0.329904
22.0943
16.3883
80.8098
319.016
23.6213
24.7367
152.832
269.321
34.3394
40.3565
40.1943
59.6959
37.5379
145.395
6.54523
145.973
41.2379
128.253
132.413
212.016
115.883
107.753
39.1887
144.568
143.188
64.4978
81.605
69.0183
121.478
74.4609
172.024
10.9019
233.194
107.073
58.8946
2.47451
56.6248
248.523
1.62138
22.3399
145.663
22.6471
15.029
13.9264
347.74
25.5999
90.4056
99.4067
42.9906
87.9107
8.30754
145.781
113.26
0.668018
167.149
201.88
68.1067
64.1275
53.8103
2.78065
0.854168
67.9994
4.43761
7.13152
327.903
0.35775
127.987
95.0219
109.734
576.598
13.154
23.1233
22.9899
11.1775
76.1461
140.218
86.6348
81.905
292.442
121.027
56.9789
0.104306
118.247
132.544
85.8339
205.896
2.28897
33.9311
197.881
137.106
8.37929
18.3841
224.943
65.1826
134.878
83.9236
75.6883
337.572
79.3133
60.7108
35.6869
133.332
59.3162
298.699
72.8092
159.81
103.619
29.0007
241.109
27.238
99.2598
21.6891
48.1395
145.883
395.226
32.0416
169.993
2.87005
250.154
121.694
86.8283
4.07646
222.796
65.1456
31.0795
86.0789
145.499
119.726
295.285
96.0757
229.749
0.550552
81.4879
73.4091
98.9864
168.985
58.7793
62.2363
0.823091
3.37853
30.407
42.8367
352.378
85.2325
52.54
212.852
35.1464
204.789
16.0478
146.113
349.677
7.36858
194.97
8.19786
70.4988
165.463
13.1217
85.441
133.207
50.8767
58.7653
87.1352
19.9928
23.1705
67.7251
29.7256
0.127976
2.84359
5.09322
4.82434
14.5715
40.3531
394.765
244.872
9.26681
52.6752
45.4016
11.6249
213.14
175.195
1.12428
27.8133
230.143
79.554
51.0521
167.41
122.867
116.818
56.9012
10.7406
84.104
34.3026
110.073
90.7924
39.0079
189.046
156.613
99.5174
81.2085
148.564
55.1315
74.3004
137.053
47.7006
0.818857
62.4547
53.6604
132.734
5.79008
131.239
48.6214
83.2022
114.369
56.5934
14.2779
118.404
60.0545
47.6855
70.452
0.845172
96.4546
80.4841
37.9497
157.332
126.299
41.1298
66.7394
13.5494
17.2885
12.0686
33.1388
11.4073
32.2102
9.98832
29.6288
0.391058
52.4129
71.4179
86.182
300.298
124.021
3.8423
21.8221
5.49187
60.5076
38.1604
273.736
99.5109
20.1542
29.7722
88.2451
175.315
51.3151
148.056
13.6519
188.621
195.629
64.4693
360.471
197.915
25.7379
66.1583
123.349
45.0506
127.45
42.9271
13.8698
108.807
21.1243
315.676
39.1416
18.1275
52.4024
5.87243
295.3
103.263
182.435
12.0592
47.9826
66.2978
217.701
69.4751
220.493
104.597
113.357
97.5464
75.2792
282.621
62.9812
92.8018
9.53979
139.029
132.152
226.806
1.7391
29.2614
91.4575
47.44
13.208
42.3508
47.2932
117.349
36.197
57.274
40.5931
33.9709
41.0482
60.9175
116.238
63.6661
149.466
13.1366
154.542
18.88
67.6743
62.1624
228.9
133.626
3.19673
32.4492
203.57
54.9569
307.688
2.54691
28.3804
137.044
53.3724
100.553
267.709
14.479
49.3447
12.0387
255.418
241.594
20.5456
185.581
149.698
92.4155
212.16
294.303
21.632
120.424
63.4895
24.032
39.1139
54.6607
254.529
71.9325
138.285
362.403
18.041
9.03414
305.778
11.1876
217.943
80.5361
31.125
348.219
59.8735
41.9699
46.2374
8.97259
185.485
213.896
13.9041
48.0545
101.395
115.217
26.9052
200.749
69.7369
186.184
200.669
45.719
126.269
465.276
54.7451
45.153
292.132
333.088
78.4666
5.10938
9.92848
0.941
37.0258
33.6013
94.0085
30.2691
15.6806
37.0032
128.309
71.2765
23.0276
220.274
66.7238
161.187
21.1594
68.556
35.1534
76.154
23.1018
209.799
28.9008
30.5066
53.488
31.0682
499.244
59.3848
58.0683
16.8879
139.69
33.2872
44.7963
273.337
57.8995
214.691
391.894
1.61425
191.627
153.083
18.2136
258.25
4.30718
96.6008
5.03503
72.0014
12.684
8.44876
46.6126
79.2253
138.862
17.64
8.47238
50.4984
136.55
146.009
3.29087
121.669
8.28238
258.391
298.033
56.9716
66.1159
177.879
223.302
65.7612
35.5593
106.461
38.1326
46.9245
96.5576
33.7677
97.652
80.9111
24.8262
134.641
39.1884
6.13338
59.7659
97.6772
109.114
143.495
375.973
78.7618
88.2547
44.9469
181.239
48.5697
89.3122
16.9272
59.9952
37.3093
16.1424
60.6271
101.552
18.8393
60.8887
14.6196
87.4621
44.0709
76.5539
110.663
267.705
41.4003
81.7329
287.138
42.3567
106.674
32.4033
125.929
165.038
231.372
261.037
1.11779
182.912
43.3308
416.065
402.084
29.5968
45.0539
23.7559
35.0551
56.3326
48.7372
60.5852
111.144
18.5235
9.53633
23.853
13.9873
12.8055
135.768
50.5098
21.0935
11.7841
339.544
37.8026
129.162
145.894
2.4735
4.52416
27.7719
2.26259
75.1419
9.8822
20.1286
10.9566
157.908
43.5835
63.1199
2.55638
21.8477
1.5497
45.1707
37.1218
124.007
32.117
30.5742
167.361
27.9604
43.344
77.6439
30.6388
211.9
28.9585
98.0871
13.4581
72.1225
49.8245
21.5326
33.5675
160.421
22.0421
216.658
121.415
223.795
69.2847
61.1735
36.155
78.0583
6.68256
104.392
98.0971
27.7745
14.7808
142.051
179.373
175.366
14.3358
39.2689
202.506
224.751
198.754
35.5542
211.292
7.46687
33.1606
93.9342
76.8878
34.003
45.2602
157.748
81.8357
49.8729
108.826
6.69567
91.1976
126.982
1.06027
112.598
33.2862
13.9539
45.2113
72.231
129.28
134.284
31.1303
17.41
42.5614
199.578
96.4342
38.0243
447.561
120.398
235.646
243.714
14.8549
18.9464
252.06
6.04065
5.87124
34.7552
242.347
16.2953
466.959
271.476
94.3137
12.9469
286.892
84.8797
47.1558
16.1351
131.513
180.534
71.0248
96.4139
10.8229
236.708
30.1759
36.0548
16.1169
469.094
59.2733
7.70014
34.6834
347.485
161.085
48.4466
253.693
159.45
304.735
50.0602
32.5004
35.8957
235.314
2.87913
193.297
548.344
224.509
0.340386
57.1939
49.2079
26.1913
67.1693
3.55281
64.0462
97.5755
64.0331
87.7971
4.75691
5.79288
157.748
140.793
34.3275
285.137
91.7591
185.382
202.77
49.0883
222.363
66.62
125.035
91.755
1.2309
171.521
212.583
373.348
87.7724
151.18
67.1177
75.8248
325.759
38.8246
83.5192
25.9039
51.4175
19.0288
27.4692
54.602
44.5004
45.0057
42.5546
88.5528
44.2291
63.0104
64.0808
182.159
18.946
11.1396
128.566
39.3381
232.969
104.808
258.682
82.3694
289.897
111.742
173.416
20.3955
69.8711
17.5663
33.417
77.4517
143.156
183.71
5.45961
73.8196
236.14
104.176
87.1172
81.1977
223.143
12.1772
48.7169
52.2735
50.8557
68.8495
20.2027
36.7492
4.22584
57.4972
15.0458
41.6993
139.425
77.0598
71.7049
33.9672
71.307
170.213
202.939
20.7698
192.815
92.4137
46.4694
38.605
0.935409
13.3228
112.779
3.12716
9.45302
26.3828
768.886
18.3925
46.8037
64.2548
357.888
5.01953
32.3567
356.628
56.4364
320.74
21.0459
23.7583
98.5565
106.656
21.1201
31.5625
73.7356
5.57609
7.31396
66.1594
28.1032
3.51168
238.564
50.8542
104.95
182.203
86.0929
185.751
6.06859
39.9364
11.5706
230.662
84.4531
123.473
4.94602
29.7383
168.905
55.4094
22.8958
75.2913
279.977
146.179
110.268
77.1924
105.436
22.3117
20.4519
50.2781
82.9998
23.7703
138.094
60.1276
67.3131
28.7831
25.7789
654.357
4.29536
57.7036
106.294
136.386
221.961
30.8059
31.9341
105.976
43.9928
28.4992
152.795
151.942
71.4049
5.54289
63.9697
9.13774
12.8346
38.7452
172.34
3.53926
179.25
205.463
98.2963
22.6016
19.0398
219.413
17.8451
163.091
30.6772
35.5517
20.6033
122.449
18.1035
230.884
176.167
1.91682
227.719
43.8172
16.6748
75.7702
95.3829
112.123
0.308232
123.356
95.6576
133.373
95.7865
39.0916
29.0337
4.53797
407.157
48.1615
125.855
42.7506
74.0972
45.2982
1.36433
89.7299
46.9361
39.228
104.836
1.11941
99.8616
98.9446
109.296
233.762
22.0579
1.07664
227.252
236.029
95.8495
197.013
73.3456
115.254
121.468
55.7964
121.942
69.7396
26.5629
38.5926
176.145
13.9111
127.683
12.8955
37.2388
32.3871
13.9956
45.4311
79.5924
197.804
58.3556
39.6066
68.3364
35.4816
24.8683
75.4965
15.8519
193.206
71.8731
8.56816
3.44762
268.241
221.696
344.182
147.651
105.007
192.975
87.2448
72.8806
49.2578
52.3198
1.13758
53.8564
70.5155
94.7201
82.6247
101.324
23.455
0.207806
17.18
161.321
27.5523
160.955
127.419
3.52191
185.176
4.97796
110.796
110.086
207.164
32.8017
34.1997
0.74234
79.5901
145.842
193.275
35.9023
36.4019
13.1346
5.93887
39.6778
111.139
40.93
103.035
304.612
33.6524
225.055
66.425
75.7684
69.6874
144.997
24.3281
34.1652
45.5727
76.9864
72.3763
12.8759
331.649
202.904
8.2852
3.26446
157.718
14.1083
210.14
93.8729
399.134
89.7662
118.895
38.1569
25.2648
68.8635
206.438
94.5389
22.7326
145.23
452.332
7.59341
109.221
19.7528
26.1678
440.809
27.9002
6.50417
17.6151
111.028
63.8124
73.0972
80.1992
273.008
30.2808
70.9027
61.6046
76.7168
217.536
109.842
63.5817
39.6596
123.95
31.8672
23.5097
25.4118
107.621
107.292
59.5286
107.25
57.8928
114.705
75.92
200.97
177.799
65.0368
150.298
24.3539
7.88778
502.453
315.13
26.5561
137.36
132.497
82.8856
24.7038
318.076
16.5811
251.108
229.187
107.147
7.12537
64.2034
73.3674
41.5386
78.085
21.5404
418.922
2.7488
16.4892
5.3942
82.1568
69.3789
14.9256
98.7908
26.539
13.922
16.1247
18.8986
44.6958
199.84
81.9369
9.58315
148.992
73.0288
86.6193
121.272
94.2858
121.712
394.642
31.0563
284.394
86.4525
55.9295
84.0051
163.654
31.3226
184.056
38.7732
60.7276
24.5349
142.31
74.4655
37.9866
87.477
4.43128
110.331
128.79
127.908
10.802
84.9618
75.3078
10.6626
35.4664
15.9056
21.596
143.214
8.38411
537.852
89.2927
38.4893
15.3984
80.0803
80.0913
91.1603
11.6787
164.286
110.294
124.913
98.2061
119.809
48.7977
174.922
63.9849
12.6227
253.177
18.1683
16.8923
122.435
115.211
142.795
101.069
104.526
53.5054
26.8121
22.956
105.303
10.056
51.6808
35.896
264.26
65.2104
160.573
91.0238
203.9
127.409
44.1741
204.905
6.24071
11.4573
20.7748
66.7797
190.706
38.6019
123.276
110.246
100.695
45.2957
125.632
237.661
140.394
11.4893
57.1656
8.62796
82.0836
7.78885
101.089
78.3908
101.84
101.827
159.394
105.207
51.4469
56.8627
6.00673
27.4964
76.9574
98.9668
47.9074
24.7259
29.1932
8.68076
203.472
702.021
184.909
134.408
229.243
250.849
56.6517
165.447
45.9095
92.4423
55.072
154.653
82.0563
27.4141
188.358
249.238
258.817
1.03828
38.0154
109.273
45.3643
55.8183
76.5278
47.312
114.754
36.9293
143.983
129.667
2.98893
0.18313
86.5081
0.791845
142.425
83.2348
72.7407
21.2345
94.7343
119.389
268.641
37.3625
89.2016
73.4825
118.088
162.578
2.95652
199.247
39.0728
92.8414
19.093
161.287
74.573
249.86
55.5624
33.5014
2.68882
126.33
9.78048
166.568
18.3421
14.833
4.5868
60.4637
84.7317
51.1128
214.859
159.742
154.464
362.566
16.5266
91.882
270.434
27.1168
12.5299
41.7034
146.007
32.8357
13.7692
132.175
26.8253
282.907
13.3612
84.913
300.934
127.132
28.5014
8.79135
57.6925
21.7011
461.329
57.1835
86.8857
35.5524
60.5793
149.596
82.6649
1.43785
31.1506
37.2482
235.629
92.4093
55.4887
180.942
56.9844
10.0936
30.2389
99.5645
73.0255
5.71089
55.1571
142.188
65.9471
75.5445
77.9652
12.4512
237.01
13.9539
77.8285
143.662
17.5569
511.666
53.5575
190.57
122.229
9.33034
47.1337
4.05017
53.4023
158.996
3.9784
291.797
151.618
17.9384
133.331
8.51993
147.175
178.785
41.7941
12.1173
65.7114
65.9341
59.8754
35.2744
4.35784
108.182
26.1415
100.435
108.173
80.9726
26.6768
47.8126
14.7538
25.9105
101.623
132.976
7.00723
64.6978
101.35
274.794
1.3567
62.3759
3.10956
119.807
2.03608
107.824
89.622
0.787301
113.909
156.281
73.8445
188.545
24.1182
138.482
52.2743
184.885
75.1739
97.886
199.684
300.414
69.3635
21.4897
19.2345
12.4461
18.0513
3.45974
88.5125
37.7072
32.3703
324.71
0.441778
9.64122
105.147
380.089
105.365
39.6252
138.718
60.2931
17.6616
7.30339
50.8912
36.142
192.03
433.227
63.3978
154.705
78.9153
46.0047
21.9178
349.288
141.24
151.035
11.1587
3.92772
39.7834
8.69499
163.645
204.628
15.8793
27.1384
98.7687
3.56255
137.251
120.98
66.7931
148.273
63.7559
47.5309
68.2299
184.065
218.649
147.836
32.3208
5.87667
99.4382
14.0026
110.977
22.2956
170.013
486.347
0.119612
196.821
98.4232
111.749
10.4261
64.9049
164.818
178.011
55.5163
45.0899
71.7233
55.4073
55.6442
127.686
43.8872
95.7912
150.562
102.445
48.5228
14.1092
135.505
188.284
108.231
37.3515
114.559
180.255
49.8371
170.315
32.6106
229.43
56.0535
4.29259
9.5771
73.1973
42.6236
6.96526
40.519
124.087
26.8894
33.4986
74.5563
54.6389
46.8276
170.643
165.351
372.23
31.5062
5.32982
109.645
48.9262
65.0189
172.094
2.89171
516.938
47.3252
126.704
54.9678
81.7926
151.878
86.3718
40.7486
144.714
187.692
76.8697
146.057
79.2191
29.7219
37.9734
164.773
100.444
110.997
26.8736
57.8331
46.6929
97.5338
16.9844
36.2185
15.4973
20.8125
40.9877
3.10468
12.2436
20.619
208.871
72.5098
39.1293
251.009
62.7621
61.1885
145.245
67.1575
152.038
81.9383
36.9376
54.8011
175.343
53.3257
86.3131
69.2442
120.654
12.9108
106.048
362.409
2.85588
71.9105
88.2319
36.9179
39.2661
84.0552
37.9944
180.24
0.517741
107.329
272.068
54.3675
43.429
507.109
21.755
10.9354
336.734
8.79543
49.1779
3.55117
75.6302
73.7926
61.1169
471.873
98.9641
41.26
40.4479
135.053
39.4905
378.959
67.8517
13.2068
50.504
205.842
184.917
86.4976
85.9073
35.127
17.8759
80.4787
1.86731
93.9332
47.4882
105.436
102.892
18.5572
9.26184
10.3008
70.288
103.42
138.853
100.637
55.7907
56.7943
266.093
67.4804
103.563
28.9344
68.3385
104.912
122.966
58.2276
118.753
158.433
25.4805
102.489
89.0138
11.4639
263.242
48.1497
56.5174
39.4741
36.6414
211.694
50.2812
53.2788
48.864
34.6999
104.804
59.9174
67.6435
238.624
187.235
34.846
141.533
31.726
67.8542
331.311
89.207
150.57
24.622
7.70768
61.6776
15.34
53.375
20.3926
231.029
89.8914
28.2513
111.153
58.1724
29.8542
17.1617
266.914
128.631
3.33256
132.792
79.9076
133.57
43.3549
148.134
149.247
27.0192
133.627
16.1794
120.147
12.0039
72.8053
108.226
193.262
40.8462
57.2395
1.13068
102.549
19.7151
1.72261
73.1217
135.543
67.9805
238.88
104.92
249.213
242.156
14.1374
90.7634
100.253
461.746
47.3649
37.4852
98.2489
30.6397
18.3292
33.9282
130.608
79.5826
57.973
63.0695
99.9574
35.164
246.839
55.1269
276.348
106.134
34.4582
165.774
100.557
266.349
421.84
67.3521
85.1799
151.587
206.962
69.2807
70.2544
184.968
48.5945
179.435
167.846
41.7779
140.58
315.045
261.582
0.34422
71.4059
8.92951
6.85232
173.494
66.0733
60.1656
70.0807
55.4851
37.0414
21.6635
54.0153
4.33092
160.089
46.9766
89.0534
343.317
9.18603
2.74614
7.03333
75.5068
147.767
5.73219
47.1693
163.072
9.3292
333.203
69.779
197.588
56.6358
53.5436
92.9168
50.6171
84.0448
288.206
248.652
201.216
139.116
21.9823
43.5984
16.8279
37.8006
18.5007
71.1621
58.1359
106.897
29.7576
145.632
131.806
103.008
37.5194
41.4182
69.4004
90.909
147.467
69.3065
18.9207
327.589
1.36733
52.0915
4.97038
120.749
57.2109
195.665
94.5408
123.77
76.304
37.9597
55.6096
14.359
346.136
34.7069
39.7072
267.293
86.5216
24.5968
78.1339
155.958
91.2957
109.468
53.6004
76.5645
38.4881
132.642
10.2855
106.919
354.581
302.687
10.3263
31.5861
16.4825
240.633
48.6628
46.3188
4.93581
39.298
72.406
2.80006
29.5771
134.125
39.1554
73.5638
87.3489
8.88369
213.884
125.249
63.5401
70.0958
98.7188
46.1107
32.5275
5.8586
21.2935
66.455
141.697
101.355
3.92426
59.2432
37.7093
132.49
14.5851
14.4979
133.037
13.2019
26.7864
8.13784
48.2023
